-0.455601,-0.808704,-0.372057,0,0.833798,-0.534068,0.139827,0,-0.311783,-0.246515,0.917618,0,44.4673,47.4493,-95.4713,1
-0.455558,-0.8087,-0.372117,0,0.83382,-0.53404,0.139808,0,-0.311788,-0.246588,0.917596,0,44.4663,47.437,-95.4881,1
-0.455555,-0.808699,-0.372123,0,0.833839,-0.534025,0.139753,0,-0.311741,-0.246625,0.917602,0,44.4631,47.4434,-95.4466,1
-0.455595,-0.808673,-0.372131,0,0.83383,-0.534053,0.139697,0,-0.311707,-0.246649,0.917608,0,44.4817,47.439,-95.469,1
-0.455563,-0.808685,-0.372144,0,0.833833,-0.534037,0.139742,0,-0.311746,-0.246644,0.917595,0,44.481,47.4529,-95.4693,1
-0.455577,-0.808661,-0.37218,0,0.833849,-0.534037,0.139644,0,-0.311682,-0.246723,0.917596,0,44.4937,47.435,-95.4581,1
-0.455578,-0.808667,-0.372165,0,0.833844,-0.534039,0.139666,0,-0.311693,-0.246699,0.917599,0,44.4816,47.4539,-95.4671,1
-0.45559,-0.808651,-0.372184,0,0.833823,-0.534065,0.13969,0,-0.311731,-0.246694,0.917587,0,44.4828,47.462,-95.4714,1
-0.455559,-0.808663,-0.372196,0,0.833836,-0.534042,0.139706,0,-0.311743,-0.246706,0.91758,0,44.4857,47.4491,-95.4754,1
-0.455549,-0.808675,-0.372182,0,0.833861,-0.534014,0.139662,0,-0.311691,-0.246726,0.917592,0,44.4872,47.4392,-95.4618,1
-0.455636,-0.808621,-0.372194,0,0.833806,-0.534104,0.139645,0,-0.31171,-0.24671,0.91759,0,44.503,47.4625,-95.4601,1
-0.455573,-0.808656,-0.372194,0,0.833831,-0.534052,0.139694,0,-0.311736,-0.246706,0.917582,0,44.482,47.4557,-95.4729,1
-0.455602,-0.808651,-0.372172,0,0.833824,-0.534069,0.139675,0,-0.311713,-0.246689,0.917594,0,44.494,47.4596,-95.4596,1
-0.455578,-0.808694,-0.372106,0,0.833846,-0.534027,0.139697,0,-0.311687,-0.246637,0.917617,0,44.4746,47.4469,-95.447,1
-0.455597,-0.808704,-0.372061,0,0.833775,-0.534086,0.139899,0,-0.311849,-0.246478,0.917605,0,44.4654,47.4751,-95.4985,1
-0.455669,-0.808734,-0.371908,0,0.833756,-0.534111,0.139917,0,-0.311796,-0.246324,0.917664,0,44.4923,47.4735,-95.4745,1
-0.455643,-0.808782,-0.371833,0,0.833798,-0.534051,0.139893,0,-0.311721,-0.246293,0.917698,0,44.4701,47.4508,-95.4562,1
-0.455709,-0.808788,-0.371741,0,0.833755,-0.534103,0.139955,0,-0.311742,-0.246163,0.917726,0,44.4824,47.4504,-95.483,1
-0.455773,-0.808821,-0.37159,0,0.833716,-0.53414,0.140044,0,-0.311751,-0.245972,0.917774,0,44.4798,47.4583,-95.4662,1
-0.455779,-0.808857,-0.371504,0,0.83375,-0.534102,0.139987,0,-0.311651,-0.245938,0.917817,0,44.4928,47.4429,-95.5082,1
-0.455862,-0.808925,-0.371256,0,0.833772,-0.534083,0.139925,0,-0.311471,-0.245757,0.917927,0,44.5264,47.4033,-95.517,1
-0.455847,-0.80899,-0.371133,0,0.833777,-0.53405,0.14002,0,-0.311478,-0.245615,0.917962,0,44.5181,47.3901,-95.528,1
-0.455924,-0.809027,-0.370956,0,0.83379,-0.534049,0.139949,0,-0.311331,-0.245493,0.918045,0,44.5346,47.3825,-95.5138,1
-0.455941,-0.809033,-0.370923,0,0.83379,-0.534052,0.139938,0,-0.311306,-0.245468,0.91806,0,44.5375,47.3601,-95.5212,1
-0.455911,-0.809132,-0.370745,0,0.833866,-0.533946,0.139891,0,-0.311148,-0.245374,0.918139,0,44.5377,47.3358,-95.5181,1
-0.455909,-0.809169,-0.370666,0,0.83382,-0.533967,0.140082,0,-0.311273,-0.245205,0.918142,0,44.5046,47.3278,-95.5527,1
-0.45593,-0.809236,-0.370492,0,0.833874,-0.533906,0.139997,0,-0.311098,-0.245115,0.918225,0,44.5232,47.2795,-95.5504,1
-0.456022,-0.80935,-0.37013,0,0.833859,-0.533902,0.1401,0,-0.311003,-0.244747,0.918355,0,44.5258,47.268,-95.555,1
-0.456053,-0.809431,-0.369916,0,0.833876,-0.533867,0.140132,0,-0.310913,-0.244556,0.918437,0,44.5137,47.2288,-95.5407,1
-0.45609,-0.809486,-0.36975,0,0.833865,-0.533866,0.140201,0,-0.310888,-0.244377,0.918493,0,44.5165,47.2274,-95.5654,1
-0.456182,-0.80953,-0.369539,0,0.833869,-0.533874,0.140149,0,-0.310742,-0.244214,0.918586,0,44.5437,47.2207,-95.5538,1
-0.456261,-0.809563,-0.369369,0,0.833895,-0.533864,0.140032,0,-0.310557,-0.244124,0.918672,0,44.568,47.1708,-95.5701,1
-0.456277,-0.809659,-0.369139,0,0.833925,-0.533809,0.140062,0,-0.310452,-0.243927,0.91876,0,44.5838,47.1465,-95.5957,1
-0.45633,-0.809748,-0.368879,0,0.833929,-0.533788,0.140117,0,-0.310363,-0.243679,0.918856,0,44.5656,47.1085,-95.6129,1
-0.456416,-0.809901,-0.368434,0,0.833932,-0.533753,0.140235,0,-0.31023,-0.243243,0.919016,0,44.595,47.0973,-95.6203,1
-0.456491,-0.809991,-0.368147,0,0.83392,-0.53375,0.140314,0,-0.310151,-0.242953,0.919119,0,44.5893,47.071,-95.6344,1
-0.456548,-0.810086,-0.367866,0,0.833949,-0.533709,0.140302,0,-0.30999,-0.242727,0.919233,0,44.6071,47.0442,-95.61,1
-0.456644,-0.810155,-0.367594,0,0.833894,-0.533754,0.140455,0,-0.309995,-0.242397,0.919319,0,44.5974,47.0334,-95.6466,1
-0.456676,-0.810265,-0.367311,0,0.833915,-0.533705,0.140517,0,-0.309891,-0.242135,0.919423,0,44.6001,47.0078,-95.6593,1
-0.456774,-0.810336,-0.367033,0,0.833905,-0.533715,0.140539,0,-0.309775,-0.241876,0.91953,0,44.6188,46.9889,-95.6629,1
-0.45679,-0.810448,-0.366765,0,0.833966,-0.533629,0.140502,0,-0.309586,-0.24169,0.919643,0,44.6209,46.943,-95.642,1
-0.456826,-0.810565,-0.366463,0,0.833961,-0.533599,0.140645,0,-0.309546,-0.241365,0.919742,0,44.6207,46.915,-95.6803,1
-0.457065,-0.810677,-0.365917,0,0.83388,-0.53369,0.140779,0,-0.309412,-0.240786,0.919938,0,44.6427,46.9215,-95.6786,1
-0.457091,-0.810799,-0.365614,0,0.83391,-0.533628,0.140838,0,-0.309293,-0.240514,0.92005,0,44.6464,46.8739,-95.6942,1
-0.457096,-0.810897,-0.36539,0,0.833936,-0.533572,0.140897,0,-0.309215,-0.240308,0.92013,0,44.6362,46.8444,-95.7144,1
-0.457164,-0.810992,-0.365094,0,0.833978,-0.533523,0.140835,0,-0.309002,-0.240095,0.920257,0,44.6601,46.8045,-95.7448,1
-0.457334,-0.811069,-0.36471,0,0.833951,-0.533565,0.140835,0,-0.308824,-0.239742,0.920409,0,44.6921,46.7801,-95.7641,1
-0.457412,-0.811214,-0.364288,0,0.833991,-0.533502,0.14084,0,-0.308599,-0.23939,0.920575,0,44.7025,46.7456,-95.7619,1
-0.457462,-0.811323,-0.363984,0,0.833993,-0.533472,0.140935,0,-0.308519,-0.239088,0.920681,0,44.6959,46.7055,-95.7692,1
-0.457622,-0.81154,-0.363298,0,0.834007,-0.533426,0.141032,0,-0.308245,-0.238454,0.920937,0,44.722,46.6586,-95.7713,1
-0.457672,-0.811659,-0.36297,0,0.834028,-0.533378,0.141086,0,-0.308114,-0.238156,0.921058,0,44.7301,46.6243,-95.8001,1
-0.457768,-0.811795,-0.362544,0,0.834049,-0.533338,0.141115,0,-0.307915,-0.237781,0.921221,0,44.7436,46.5879,-95.7943,1
-0.45783,-0.811923,-0.36218,0,0.833991,-0.533351,0.141405,0,-0.307978,-0.237315,0.92132,0,44.7001,46.5685,-95.8558,1
-0.457884,-0.812037,-0.361854,0,0.834019,-0.533302,0.141428,0,-0.307822,-0.237036,0.921444,0,44.7132,46.5315,-95.8757,1
-0.458011,-0.812181,-0.361369,0,0.834014,-0.533287,0.141513,0,-0.307648,-0.236572,0.921622,0,44.7305,46.5137,-95.8593,1
-0.458169,-0.812322,-0.360853,0,0.834023,-0.533273,0.141515,0,-0.307389,-0.236122,0.921824,0,44.7581,46.4695,-95.8651,1
-0.458257,-0.812452,-0.360448,0,0.834069,-0.533213,0.141468,0,-0.307132,-0.235809,0.921989,0,44.8005,46.4148,-95.9166,1
-0.458423,-0.812664,-0.359759,0,0.83411,-0.533148,0.141469,0,-0.306772,-0.235226,0.922258,0,44.8076,46.335,-95.92,1
-0.458536,-0.812786,-0.359337,0,0.834047,-0.533183,0.141713,0,-0.306774,-0.234723,0.922385,0,44.8108,46.3254,-95.976,1
-0.458597,-0.812961,-0.358865,0,0.834126,-0.533072,0.141664,0,-0.306468,-0.234372,0.922577,0,44.8173,46.2507,-95.9626,1
-0.458606,-0.813175,-0.358369,0,0.834165,-0.53296,0.141855,0,-0.306349,-0.233884,0.92274,0,44.7854,46.2034,-95.9905,1
-0.458853,-0.813272,-0.357831,0,0.834068,-0.53307,0.142011,0,-0.306242,-0.233293,0.922925,0,44.8173,46.1853,-95.9863,1
-0.458867,-0.813479,-0.357342,0,0.834124,-0.532949,0.142136,0,-0.306069,-0.232846,0.923095,0,44.8178,46.1585,-96.0143,1
-0.458918,-0.813602,-0.356996,0,0.834161,-0.532888,0.142151,0,-0.305894,-0.232557,0.923226,0,44.8105,46.0928,-96.0081,1
-0.45911,-0.813803,-0.35629,0,0.834182,-0.53285,0.142171,0,-0.305548,-0.231938,0.923496,0,44.8645,46.044,-96.0641,1
-0.459241,-0.813988,-0.355699,0,0.834213,-0.532792,0.142204,0,-0.305266,-0.231422,0.923719,0,44.8925,45.9827,-96.1029,1
-0.459269,-0.814199,-0.355179,0,0.834265,-0.532676,0.142329,0,-0.305079,-0.230946,0.9239,0,44.8862,45.9106,-96.1102,1
-0.459387,-0.814339,-0.354706,0,0.834263,-0.532658,0.142411,0,-0.304908,-0.230496,0.924069,0,44.8962,45.8745,-96.1523,1
-0.459553,-0.814515,-0.354085,0,0.834244,-0.532652,0.142548,0,-0.304711,-0.229885,0.924286,0,44.9166,45.8366,-96.1395,1
-0.459546,-0.81473,-0.3536,0,0.834328,-0.5325,0.142624,0,-0.304492,-0.229476,0.92446,0,44.9085,45.7749,-96.1692,1
-0.459672,-0.814969,-0.352885,0,0.834276,-0.532481,0.142999,0,-0.304444,-0.228671,0.924675,0,44.8811,45.7652,-96.1848,1
-0.459908,-0.815228,-0.351977,0,0.834267,-0.532454,0.14315,0,-0.304111,-0.227806,0.924998,0,44.9128,45.6762,-96.2268,1
-0.460065,-0.815417,-0.351334,0,0.834322,-0.532384,0.14309,0,-0.303722,-0.227295,0.925251,0,44.9466,45.6188,-96.2348,1
-0.460215,-0.8156,-0.350712,0,0.834307,-0.532367,0.143244,0,-0.303537,-0.226678,0.925464,0,44.9644,45.5706,-96.2621,1
-0.46033,-0.815817,-0.350056,0,0.83432,-0.532303,0.143403,0,-0.303326,-0.226046,0.925687,0,44.9732,45.5338,-96.2914,1
-0.460422,-0.816003,-0.349501,0,0.83433,-0.532247,0.143548,0,-0.303157,-0.225506,0.925874,0,44.9595,45.4697,-96.3138,1
-0.460578,-0.816195,-0.348847,0,0.834335,-0.532212,0.143652,0,-0.302908,-0.224893,0.926105,0,44.9987,45.4324,-96.3298,1
-0.460638,-0.816417,-0.348248,0,0.834384,-0.532103,0.143773,0,-0.302682,-0.224345,0.926311,0,44.992,45.364,-96.3694,1
-0.460877,-0.816608,-0.347481,0,0.834389,-0.532093,0.143779,0,-0.302303,-0.22367,0.926599,0,45.0564,45.3358,-96.3957,1
-0.461106,-0.816884,-0.346529,0,0.834398,-0.532042,0.143916,0,-0.301931,-0.222782,0.926934,0,45.0888,45.235,-96.4494,1
-0.461233,-0.817096,-0.345858,0,0.834445,-0.531958,0.143954,0,-0.301606,-0.222204,0.927178,0,45.1164,45.1742,-96.4597,1
-0.461353,-0.817318,-0.345174,0,0.834463,-0.531889,0.144102,0,-0.301372,-0.221553,0.92741,0,45.1377,45.125,-96.4892,1
-0.461446,-0.817463,-0.344706,0,0.834482,-0.531843,0.144161,0,-0.301176,-0.221128,0.927575,0,45.1396,45.0857,-96.487,1
-0.46153,-0.817716,-0.343992,0,0.834526,-0.531731,0.144323,0,-0.300926,-0.220461,0.927815,0,45.1557,45.0213,-96.5279,1
-0.461721,-0.817806,-0.343522,0,0.834532,-0.531748,0.144225,0,-0.300615,-0.220089,0.928004,0,45.1943,44.9547,-96.5375,1
-0.461799,-0.818063,-0.342804,0,0.834605,-0.53161,0.144311,0,-0.300294,-0.219463,0.928256,0,45.2258,44.8927,-96.5954,1
-0.461973,-0.81844,-0.34167,0,0.834655,-0.531468,0.144545,0,-0.299888,-0.2184,0.928638,0,45.2316,44.7909,-96.6553,1
-0.462105,-0.818668,-0.340943,0,0.834705,-0.531376,0.144596,0,-0.299545,-0.217768,0.928897,0,45.2396,44.7317,-96.6317,1
-0.462144,-0.818942,-0.340232,0,0.834741,-0.531245,0.144865,0,-0.299383,-0.217057,0.929116,0,45.2228,44.6423,-96.6901,1
-0.462319,-0.81917,-0.339444,0,0.83477,-0.531181,0.144937,0,-0.299034,-0.21635,0.929393,0,45.2491,44.565,-96.7309,1
-0.462501,-0.819403,-0.338631,0,0.834857,-0.531075,0.144824,0,-0.298507,-0.215727,0.929707,0,45.315,44.4782,-96.755,1
-0.462629,-0.819633,-0.337899,0,0.834855,-0.531017,0.145044,0,-0.298313,-0.214995,0.929939,0,45.3154,44.4231,-96.7958,1
-0.46282,-0.81988,-0.337038,0,0.83484,-0.530981,0.145267,0,-0.298062,-0.21414,0.930217,0,45.3361,44.3773,-96.8054,1
-0.463034,-0.820273,-0.335787,0,0.834841,-0.530876,0.145638,0,-0.297724,-0.212893,0.930611,0,45.326,44.2892,-96.843,1
-0.463255,-0.820512,-0.334895,0,0.834839,-0.530842,0.145774,0,-0.297385,-0.212053,0.930911,0,45.3762,44.2491,-96.862,1
-0.463402,-0.820773,-0.334051,0,0.834895,-0.530734,0.145848,0,-0.297001,-0.211311,0.931203,0,45.4141,44.1669,-96.9367,1
-0.463559,-0.821025,-0.333215,0,0.834937,-0.530644,0.14594,0,-0.296639,-0.210562,0.931488,0,45.4351,44.1062,-96.937,1
-0.46377,-0.821229,-0.332417,0,0.834895,-0.530649,0.146159,0,-0.296426,-0.209749,0.931739,0,45.4726,44.0685,-96.9839,1
-0.46388,-0.821524,-0.331533,0,0.83489,-0.530557,0.14652,0,-0.296267,-0.208825,0.931997,0,45.4377,44.0062,-97.0442,1
-0.464066,-0.821739,-0.330738,0,0.834923,-0.530497,0.146553,0,-0.295884,-0.208131,0.932274,0,45.4838,43.9284,-97.0514,1
-0.464279,-0.821963,-0.329881,0,0.834979,-0.530424,0.146494,0,-0.295389,-0.207429,0.932587,0,45.5445,43.8723,-97.0909,1
-0.464452,-0.822368,-0.328627,0,0.835067,-0.530236,0.146672,0,-0.294868,-0.206304,0.933002,0,45.5844,43.7276,-97.1568,1
-0.46452,-0.822682,-0.327743,0,0.835111,-0.530086,0.146963,0,-0.294636,-0.205434,0.933267,0,45.5621,43.6588,-97.1828,1
-0.464582,-0.822884,-0.327149,0,0.835155,-0.529984,0.14708,0,-0.294413,-0.204889,0.933457,0,45.5586,43.5936,-97.1953,1
-0.464699,-0.823093,-0.326455,0,0.835169,-0.529917,0.147245,0,-0.29419,-0.20422,0.933674,0,45.5671,43.5361,-97.2387,1
-0.464805,-0.823396,-0.325539,0,0.835262,-0.529749,0.147322,0,-0.293758,-0.203434,0.933981,0,45.5942,43.4276,-97.2964,1
-0.465012,-0.823642,-0.32462,0,0.835287,-0.529685,0.14741,0,-0.29336,-0.202603,0.934287,0,45.6266,43.353,-97.3203,1
-0.465073,-0.823989,-0.32365,0,0.835388,-0.529476,0.147586,0,-0.292974,-0.201735,0.934596,0,45.6314,43.258,-97.3596,1
-0.465267,-0.824379,-0.322376,0,0.8354,-0.529351,0.147969,0,-0.292632,-0.200468,0.934976,0,45.6441,43.1549,-97.4229,1
-0.465447,-0.824645,-0.321435,0,0.83546,-0.529244,0.148012,0,-0.292174,-0.199654,0.935293,0,45.686,43.0831,-97.4733,1
-0.465678,-0.82492,-0.320391,0,0.835451,-0.529196,0.148235,0,-0.291832,-0.198641,0.935615,0,45.7337,43.0289,-97.5211,1
-0.465869,-0.82515,-0.31952,0,0.835426,-0.529167,0.148481,0,-0.291599,-0.197763,0.935874,0,45.7609,42.9876,-97.5632,1
-0.466025,-0.825424,-0.318583,0,0.835453,-0.52907,0.148674,0,-0.291272,-0.196875,0.936163,0,45.7802,42.9309,-97.5811,1
-0.466103,-0.825704,-0.317744,0,0.83549,-0.528939,0.148932,0,-0.291041,-0.196054,0.936407,0,45.7775,42.8725,-97.6257,1
-0.466337,-0.825914,-0.316853,0,0.835516,-0.528896,0.148938,0,-0.290592,-0.195281,0.936708,0,45.8436,42.8239,-97.6487,1
-0.466471,-0.826155,-0.316026,0,0.835566,-0.528792,0.14903,0,-0.290234,-0.194542,0.936973,0,45.8688,42.7361,-97.7041,1
-0.466718,-0.826507,-0.31474,0,0.835594,-0.528685,0.149249,0,-0.289753,-0.193338,0.937371,0,45.9167,42.643,-97.7524,1
-0.466762,-0.826767,-0.31399,0,0.83566,-0.528531,0.149425,0,-0.289493,-0.192643,0.937594,0,45.8931,42.5594,-97.7743,1
-0.46683,-0.82704,-0.31317,0,0.835739,-0.52837,0.149553,0,-0.289156,-0.191913,0.937848,0,45.9023,42.4749,-97.7942,1
-0.466984,-0.827252,-0.312379,0,0.835794,-0.528281,0.14956,0,-0.288747,-0.191242,0.938111,0,45.9583,42.4015,-97.8735,1
-0.467092,-0.827486,-0.311597,0,0.835857,-0.528162,0.149629,0,-0.28839,-0.19056,0.938359,0,45.9825,42.315,-97.9004,1
-0.467161,-0.827722,-0.310866,0,0.835918,-0.52803,0.149753,0,-0.288101,-0.1899,0.938582,0,45.985,42.2433,-97.9311,1
-0.46727,-0.827973,-0.310033,0,0.835949,-0.527923,0.149957,0,-0.287834,-0.189102,0.938825,0,45.9982,42.1752,-97.9365,1
-0.467464,-0.828216,-0.30909,0,0.835976,-0.527849,0.150068,0,-0.287441,-0.18824,0.939119,0,46.0236,42.1061,-97.9653,1
-0.467538,-0.828373,-0.308557,0,0.836001,-0.52778,0.150172,0,-0.287248,-0.187743,0.939277,0,46.0498,42.0647,-98.0225,1
-0.467693,-0.828596,-0.307722,0,0.836065,-0.527679,0.150171,0,-0.28681,-0.187041,0.939551,0,46.0884,41.9771,-98.0365,1
-0.467745,-0.828832,-0.307006,0,0.836143,-0.527529,0.150263,0,-0.286497,-0.186416,0.939771,0,46.1008,41.9012,-98.0467,1
-0.467944,-0.828994,-0.306265,0,0.836088,-0.527548,0.150497,0,-0.286331,-0.185641,0.939975,0,46.1338,41.899,-98.1008,1
-0.468008,-0.82921,-0.305582,0,0.836116,-0.527445,0.150706,0,-0.286144,-0.18497,0.940164,0,46.1246,41.8362,-98.1394,1
-0.468181,-0.829417,-0.304754,0,0.836113,-0.527399,0.15088,0,-0.285869,-0.184169,0.940405,0,46.1653,41.8161,-98.1591,1
-0.468328,-0.829609,-0.304002,0,0.83613,-0.52734,0.150996,0,-0.285581,-0.18347,0.940629,0,46.1855,41.7472,-98.2121,1
-0.468489,-0.829917,-0.302912,0,0.836188,-0.527201,0.151158,0,-0.285144,-0.182475,0.940955,0,46.2384,41.6656,-98.258,1
-0.468542,-0.830143,-0.302212,0,0.836179,-0.52711,0.151523,0,-0.285085,-0.181708,0.941121,0,46.1965,41.6295,-98.3032,1
-0.468658,-0.830325,-0.301529,0,0.836217,-0.527031,0.151587,0,-0.284782,-0.181102,0.94133,0,46.2296,41.5673,-98.3151,1
-0.468665,-0.830563,-0.300862,0,0.836281,-0.526874,0.151783,0,-0.284582,-0.18047,0.941512,0,46.2292,41.5295,-98.3456,1
-0.468811,-0.830721,-0.300198,0,0.836298,-0.526829,0.151843,0,-0.284293,-0.179869,0.941714,0,46.2638,41.4863,-98.3837,1
-0.468901,-0.830916,-0.299518,0,0.836348,-0.526729,0.15192,0,-0.283997,-0.179266,0.941918,0,46.2796,41.4183,-98.4123,1
-0.469011,-0.831089,-0.298864,0,0.836391,-0.526649,0.15196,0,-0.283688,-0.178697,0.942119,0,46.3249,41.3736,-98.4543,1
-0.469106,-0.831352,-0.297981,0,0.836442,-0.526513,0.152148,0,-0.28338,-0.177871,0.942369,0,46.3355,41.2828,-98.4827,1
-0.469159,-0.83156,-0.297317,0,0.836469,-0.526407,0.152366,0,-0.283211,-0.177212,0.942543,0,46.3401,41.2455,-98.5233,1
-0.469243,-0.831727,-0.296716,0,0.836535,-0.526306,0.15235,0,-0.282877,-0.176724,0.942735,0,46.3495,41.1726,-98.5196,1
-0.469304,-0.831892,-0.296159,0,0.83656,-0.526226,0.152492,0,-0.282704,-0.176189,0.942887,0,46.3663,41.1321,-98.5617,1
-0.469314,-0.832048,-0.295704,0,0.836599,-0.526124,0.152628,0,-0.28257,-0.175755,0.943008,0,46.364,41.092,-98.5851,1
-0.469409,-0.832188,-0.295158,0,0.836668,-0.52604,0.152544,0,-0.28221,-0.175343,0.943193,0,46.3998,41.0138,-98.6261,1
-0.469437,-0.832338,-0.29469,0,0.836762,-0.525913,0.152466,0,-0.281884,-0.175012,0.943352,0,46.4431,40.9714,-98.6284,1
-0.469648,-0.832533,-0.293803,0,0.836698,-0.525919,0.152793,0,-0.281722,-0.174065,0.943575,0,46.4511,40.9415,-98.6726,1
-0.469701,-0.832714,-0.293204,0,0.836755,-0.525806,0.152868,0,-0.281464,-0.173537,0.94375,0,46.4555,40.8796,-98.6888,1
-0.469746,-0.83287,-0.292687,0,0.836762,-0.525735,0.153074,0,-0.281366,-0.173004,0.943877,0,46.4658,40.8681,-98.7323,1
-0.469817,-0.833008,-0.292181,0,0.836801,-0.525662,0.153113,0,-0.281133,-0.172562,0.944027,0,46.4894,40.8155,-98.7465,1
-0.469886,-0.83316,-0.291636,0,0.836788,-0.525612,0.153354,0,-0.281055,-0.171979,0.944156,0,46.4697,40.777,-98.7706,1
-0.469903,-0.833325,-0.291137,0,0.836882,-0.525474,0.15332,0,-0.28075,-0.171602,0.944316,0,46.4894,40.7097,-98.7999,1
-0.470032,-0.833458,-0.290549,0,0.836896,-0.525436,0.153367,0,-0.28049,-0.171072,0.944489,0,46.5332,40.6779,-98.8351,1
-0.470116,-0.833583,-0.290053,0,0.836924,-0.52538,0.15341,0,-0.280268,-0.170632,0.944635,0,46.5346,40.641,-98.836,1
-0.470197,-0.833784,-0.289341,0,0.836958,-0.525279,0.153569,0,-0.280028,-0.169958,0.944827,0,46.565,40.5877,-98.8988,1
-0.470316,-0.833922,-0.288751,0,0.836946,-0.525251,0.153727,0,-0.279863,-0.169368,0.944982,0,46.6007,40.5793,-98.9225,1
-0.470371,-0.834057,-0.288272,0,0.836951,-0.525194,0.153898,0,-0.279758,-0.16888,0.945101,0,46.5942,40.5399,-98.9396,1
-0.470428,-0.834178,-0.287828,0,0.836952,-0.525147,0.154054,0,-0.27966,-0.168427,0.945211,0,46.58,40.5214,-98.9562,1
-0.470505,-0.834305,-0.287331,0,0.836959,-0.5251,0.154176,0,-0.279507,-0.167944,0.945342,0,46.5918,40.502,-98.9842,1
-0.470584,-0.834419,-0.286873,0,0.836971,-0.525057,0.154256,0,-0.279339,-0.167514,0.945468,0,46.6129,40.455,-99.0265,1
-0.470681,-0.834546,-0.286343,0,0.837036,-0.524981,0.154165,0,-0.278982,-0.167117,0.945643,0,46.6679,40.4184,-99.0296,1
-0.470774,-0.834731,-0.28565,0,0.837087,-0.524881,0.154229,0,-0.278672,-0.166507,0.945842,0,46.696,40.3727,-99.0454,1
-0.470773,-0.834837,-0.285342,0,0.837117,-0.524805,0.15432,0,-0.278581,-0.166215,0.94592,0,46.6924,40.3289,-99.0823,1
-0.470806,-0.834935,-0.285,0,0.837127,-0.524756,0.154432,0,-0.278496,-0.165874,0.946005,0,46.6953,40.2982,-99.0997,1
-0.470834,-0.835037,-0.284656,0,0.837149,-0.524697,0.154515,0,-0.278384,-0.165549,0.946095,0,46.6945,40.2689,-99.1253,1
-0.47089,-0.835097,-0.284387,0,0.837148,-0.524683,0.154565,0,-0.27829,-0.165291,0.946168,0,46.7051,40.253,-99.1261,1
-0.470915,-0.835223,-0.283975,0,0.837172,-0.524608,0.154689,0,-0.278175,-0.16489,0.946272,0,46.7049,40.216,-99.1492,1
-0.470921,-0.83535,-0.283593,0,0.837178,-0.524538,0.154897,0,-0.278148,-0.164473,0.946352,0,46.6804,40.1899,-99.1716,1
-0.471014,-0.835514,-0.282954,0,0.837233,-0.524446,0.154911,0,-0.277824,-0.163933,0.946541,0,46.7124,40.1339,-99.174,1
-0.471045,-0.835603,-0.282638,0,0.837265,-0.524388,0.154933,0,-0.277675,-0.163663,0.946632,0,46.7197,40.1094,-99.1997,1
-0.471098,-0.835691,-0.282289,0,0.837318,-0.524326,0.15486,0,-0.277427,-0.163412,0.946748,0,46.7563,40.0729,-99.2228,1
-0.47111,-0.835801,-0.281943,0,0.837381,-0.524232,0.154835,0,-0.277215,-0.163149,0.946855,0,46.786,40.0357,-99.2317,1
-0.47112,-0.835895,-0.281648,0,0.837382,-0.524183,0.154997,0,-0.277196,-0.162825,0.946916,0,46.7671,40.0188,-99.2674,1
-0.471214,-0.835954,-0.281317,0,0.837382,-0.524181,0.155003,0,-0.277036,-0.16253,0.947014,0,46.79,39.9926,-99.2619,1
-0.471159,-0.836087,-0.281011,0,0.837451,-0.52405,0.155077,0,-0.276922,-0.162267,0.947092,0,46.7871,39.953,-99.2901,1
-0.471222,-0.836163,-0.280681,0,0.837436,-0.524036,0.155198,0,-0.276858,-0.161919,0.947171,0,46.7956,39.9536,-99.2807,1
-0.471264,-0.836285,-0.280247,0,0.837464,-0.523966,0.155287,0,-0.276704,-0.161515,0.947285,0,46.7957,39.8928,-99.3157,1
-0.471255,-0.836378,-0.279984,0,0.837515,-0.523883,0.155296,0,-0.276565,-0.161307,0.947361,0,46.8187,39.8841,-99.3396,1
-0.471326,-0.83641,-0.279767,0,0.837513,-0.523888,0.155284,0,-0.276448,-0.161119,0.947427,0,46.8173,39.8673,-99.3161,1
-0.471305,-0.836499,-0.279539,0,0.837547,-0.523812,0.155356,0,-0.276381,-0.160907,0.947482,0,46.8261,39.8409,-99.3591,1
-0.471323,-0.836569,-0.279297,0,0.837539,-0.523784,0.155497,0,-0.276375,-0.160632,0.947531,0,46.8128,39.8193,-99.3718,1
-0.4714,-0.836614,-0.279032,0,0.837535,-0.523786,0.155511,0,-0.276256,-0.160391,0.947606,0,46.8334,39.8163,-99.3728,1
-0.471437,-0.836671,-0.2788,0,0.837558,-0.523753,0.155498,0,-0.276123,-0.160204,0.947677,0,46.8396,39.7842,-99.364,1
-0.471371,-0.83682,-0.278463,0,0.83763,-0.523606,0.155605,0,-0.276018,-0.159901,0.947758,0,46.8375,39.7383,-99.4188,1
-0.471442,-0.836854,-0.278241,0,0.83763,-0.52361,0.15559,0,-0.275896,-0.159711,0.947826,0,46.8501,39.7373,-99.4069,1
-0.471504,-0.836892,-0.278021,0,0.837639,-0.523604,0.155562,0,-0.275761,-0.159533,0.947895,0,46.8862,39.718,-99.4183,1
-0.471502,-0.836971,-0.277788,0,0.837677,-0.523537,0.155582,0,-0.27565,-0.15934,0.94796,0,46.8889,39.6973,-99.4381,1
-0.471586,-0.836991,-0.277585,0,0.837651,-0.523569,0.155621,0,-0.275588,-0.15913,0.948013,0,46.901,39.7056,-99.4641,1
-0.471567,-0.837048,-0.277446,0,0.837653,-0.523529,0.155741,0,-0.275614,-0.158961,0.948034,0,46.8946,39.6758,-99.4652,1
-0.471591,-0.837105,-0.277231,0,0.837695,-0.52348,0.155677,0,-0.275442,-0.158819,0.948108,0,46.8959,39.6492,-99.4441,1
-0.471624,-0.837146,-0.277054,0,0.837683,-0.523475,0.155759,0,-0.275423,-0.158624,0.948146,0,46.9064,39.6464,-99.4877,1
-0.471583,-0.837217,-0.276906,0,0.837735,-0.523392,0.155762,0,-0.275337,-0.158519,0.948189,0,46.8999,39.6184,-99.4627,1
-0.471641,-0.837226,-0.276779,0,0.837696,-0.523428,0.155849,0,-0.275355,-0.158352,0.948211,0,46.899,39.64,-99.4657,1
-0.471622,-0.837268,-0.276687,0,0.837718,-0.523386,0.155873,0,-0.275321,-0.158272,0.948234,0,46.9058,39.6172,-99.4914,1
-0.471677,-0.83727,-0.276586,0,0.837691,-0.523418,0.15591,0,-0.275309,-0.158155,0.948258,0,46.9145,39.6194,-99.498,1
-0.471683,-0.837311,-0.276451,0,0.837714,-0.523384,0.155903,0,-0.275229,-0.158049,0.948298,0,46.9305,39.6042,-99.4953,1
-0.471693,-0.837346,-0.276329,0,0.837694,-0.523378,0.156025,0,-0.275271,-0.157883,0.948314,0,46.9129,39.6158,-99.497,1
-0.47169,-0.837365,-0.276276,0,0.837749,-0.523335,0.155877,0,-0.275111,-0.157925,0.948353,0,46.9346,39.5915,-99.5079,1
-0.471714,-0.837395,-0.276144,0,0.837739,-0.523332,0.155941,0,-0.275099,-0.157777,0.948381,0,46.936,39.5913,-99.5051,1
-0.471789,-0.837395,-0.276016,0,0.837694,-0.523382,0.156015,0,-0.275108,-0.157611,0.948406,0,46.9351,39.5863,-99.5155,1
-0.471772,-0.837422,-0.275964,0,0.837712,-0.523351,0.156023,0,-0.275083,-0.157571,0.94842,0,46.9294,39.5787,-99.5015,1
-0.471767,-0.837441,-0.275914,0,0.837725,-0.523331,0.156017,0,-0.275049,-0.157536,0.948436,0,46.9232,39.5699,-99.5249,1
-0.471706,-0.837481,-0.275898,0,0.837735,-0.523283,0.156125,0,-0.275124,-0.157484,0.948423,0,46.9105,39.5704,-99.5402,1
-0.471742,-0.837498,-0.275783,0,0.837773,-0.523263,0.155987,0,-0.274946,-0.157458,0.948479,0,46.937,39.5508,-99.5274,1
-0.471786,-0.837475,-0.275779,0,0.837728,-0.523317,0.156053,0,-0.27501,-0.157404,0.948469,0,46.9334,39.5678,-99.5485,1
-0.47178,-0.837483,-0.275764,0,0.837745,-0.5233,0.156015,0,-0.274967,-0.157415,0.94848,0,46.9244,39.5539,-99.5279,1
-0.471784,-0.837482,-0.27576,0,0.837731,-0.52331,0.156058,0,-0.275004,-0.157387,0.948474,0,46.9324,39.565,-99.5488,1
-0.471801,-0.837482,-0.275733,0,0.837735,-0.523313,0.156023,0,-0.274961,-0.157379,0.948488,0,46.9432,39.5768,-99.5398,1
-0.471788,-0.837502,-0.275695,0,0.837747,-0.52329,0.156033,0,-0.274947,-0.157348,0.948497,0,46.9352,39.5672,-99.5253,1
-0.471792,-0.837491,-0.275719,0,0.837728,-0.523309,0.156074,0,-0.274997,-0.157343,0.948483,0,46.9271,39.5596,-99.534,1
-0.471795,-0.837481,-0.275747,0,0.837714,-0.523324,0.156103,0,-0.275038,-0.157349,0.94847,0,46.9386,39.5651,-99.5657,1
-0.471773,-0.8375,-0.275725,0,0.837745,-0.523288,0.156055,0,-0.274979,-0.157365,0.948485,0,46.9309,39.5469,-99.532,1
-0.471824,-0.837464,-0.275746,0,0.837689,-0.523357,0.156127,0,-0.275064,-0.157325,0.948467,0,46.9129,39.5694,-99.5241,1
-0.471754,-0.837507,-0.275736,0,0.837715,-0.523295,0.156192,0,-0.275103,-0.157304,0.948459,0,46.9168,39.5774,-99.5422,1
-0.471677,-0.837534,-0.275786,0,0.837727,-0.523248,0.156286,0,-0.275199,-0.157316,0.948429,0,46.8823,39.5563,-99.5583,1
-0.47169,-0.837526,-0.275789,0,0.837669,-0.52329,0.156455,0,-0.275352,-0.157221,0.9484,0,46.8584,39.588,-99.5271,1
-0.471617,-0.837556,-0.275822,0,0.837701,-0.523231,0.156483,0,-0.275382,-0.157256,0.948386,0,46.8336,39.5841,-99.5184,1
-0.471674,-0.837509,-0.275867,0,0.837608,-0.52333,0.156651,0,-0.275566,-0.157181,0.948345,0,46.8113,39.6111,-99.501,1
-0.471615,-0.83754,-0.275872,0,0.837635,-0.523277,0.156681,0,-0.275584,-0.157187,0.948339,0,46.8074,39.6048,-99.4501,1
-0.471567,-0.837552,-0.275919,0,0.837609,-0.523269,0.156844,0,-0.275745,-0.15715,0.948298,0,46.7955,39.6136,-99.4504,1
-0.471532,-0.837562,-0.275949,0,0.837564,-0.523278,0.157059,0,-0.275945,-0.157066,0.948254,0,46.7463,39.6281,-99.3972,1
-0.471479,-0.837565,-0.27603,0,0.837533,-0.523277,0.157224,0,-0.276126,-0.157056,0.948203,0,46.712,39.6256,-99.3876,1
-0.471572,-0.837516,-0.276018,0,0.83749,-0.523359,0.157179,0,-0.276097,-0.157041,0.948214,0,46.7682,39.6531,-99.358,1
-0.471507,-0.837548,-0.276034,0,0.837477,-0.523327,0.157356,0,-0.27625,-0.156978,0.94818,0,46.7453,39.6589,-99.3084,1
-0.471488,-0.837547,-0.276068,0,0.837437,-0.523344,0.15751,0,-0.276401,-0.156926,0.948144,0,46.7346,39.6665,-99.2843,1
-0.471472,-0.83755,-0.27609,0,0.837414,-0.523351,0.157613,0,-0.276501,-0.156891,0.948121,0,46.732,39.6791,-99.2415,1
-0.471544,-0.837498,-0.276121,0,0.837355,-0.523437,0.157641,0,-0.276556,-0.156877,0.948107,0,46.7488,39.7132,-99.1921,1
-0.471499,-0.837517,-0.276143,0,0.837354,-0.523413,0.157726,0,-0.276635,-0.156862,0.948086,0,46.736,39.7184,-99.1429,1
-0.471489,-0.837471,-0.276298,0,0.837295,-0.523469,0.157854,0,-0.276831,-0.156916,0.94802,0,46.7188,39.7206,-99.1063,1
-0.471449,-0.837504,-0.276265,0,0.837319,-0.523423,0.157876,0,-0.276825,-0.156892,0.948026,0,46.7209,39.7227,-99.0122,1
-0.471478,-0.837463,-0.27634,0,0.837218,-0.523514,0.158115,0,-0.277083,-0.156809,0.947964,0,46.716,39.7689,-98.9852,1
-0.471463,-0.837453,-0.276397,0,0.837179,-0.523536,0.158244,0,-0.277226,-0.156788,0.947926,0,46.6839,39.7841,-98.9052,1
-0.471458,-0.837441,-0.276442,0,0.837128,-0.523571,0.158402,0,-0.277389,-0.156737,0.947887,0,46.6856,39.798,-98.8737,1
-0.47145,-0.837436,-0.27647,0,0.837062,-0.523608,0.158624,0,-0.277599,-0.156639,0.947841,0,46.6611,39.8412,-98.8138,1
-0.471474,-0.837403,-0.27653,0,0.836976,-0.523683,0.15883,0,-0.277819,-0.156565,0.947789,0,46.6213,39.8678,-98.7404,1
-0.471445,-0.837388,-0.276624,0,0.836908,-0.523721,0.159065,0,-0.278072,-0.156518,0.947722,0,46.6016,39.8895,-98.637,1
-0.471498,-0.837347,-0.276657,0,0.836808,-0.523818,0.159273,0,-0.278285,-0.156411,0.947678,0,46.596,39.9459,-98.5692,1
-0.471467,-0.837339,-0.276735,0,0.836802,-0.523816,0.159312,0,-0.278357,-0.156462,0.947648,0,46.5978,39.9305,-98.5101,1
-0.471463,-0.837329,-0.276771,0,0.836768,-0.523839,0.159412,0,-0.278464,-0.156436,0.947621,0,46.5914,39.9594,-98.4252,1
-0.471439,-0.837312,-0.276865,0,0.836725,-0.523866,0.15955,0,-0.278633,-0.156441,0.947571,0,46.5789,39.9648,-98.3665,1
-0.471458,-0.837287,-0.276908,0,0.836627,-0.523941,0.159816,0,-0.278895,-0.156322,0.947513,0,46.5636,40.0199,-98.2745,1
-0.471426,-0.837273,-0.277006,0,0.836578,-0.523966,0.15999,0,-0.279096,-0.156314,0.947455,0,46.5462,40.0334,-98.2146,1
-0.471393,-0.837266,-0.277082,0,0.836473,-0.524018,0.160368,0,-0.279467,-0.156176,0.947369,0,46.511,40.0762,-98.0789,1
-0.47135,-0.837249,-0.277205,0,0.836391,-0.52406,0.16066,0,-0.279785,-0.156124,0.947284,0,46.4598,40.1035,-97.9723,1
-0.47132,-0.83725,-0.277255,0,0.836347,-0.524074,0.16084,0,-0.279966,-0.156074,0.947238,0,46.4376,40.1129,-97.9023,1
-0.471324,-0.837226,-0.277318,0,0.836265,-0.524135,0.161071,0,-0.280205,-0.155995,0.947181,0,46.4113,40.1625,-97.812,1
-0.471333,-0.837223,-0.277315,0,0.836237,-0.524156,0.16115,0,-0.280275,-0.155945,0.947168,0,46.4233,40.1911,-97.7124,1
-0.471357,-0.837168,-0.277442,0,0.836123,-0.524259,0.161405,0,-0.280575,-0.155896,0.947087,0,46.3945,40.2239,-97.6376,1
-0.471348,-0.837148,-0.277515,0,0.836011,-0.524329,0.161754,0,-0.280922,-0.155763,0.947006,0,46.3689,40.2808,-97.5644,1
-0.471267,-0.837156,-0.277627,0,0.835969,-0.524322,0.161996,0,-0.281182,-0.155744,0.946932,0,46.3336,40.2898,-97.4641,1
-0.471145,-0.837179,-0.277764,0,0.835894,-0.524311,0.162419,0,-0.281609,-0.155658,0.946819,0,46.2587,40.3239,-97.3173,1
-0.471206,-0.837125,-0.277826,0,0.835765,-0.524433,0.162686,0,-0.281889,-0.155539,0.946756,0,46.2593,40.3868,-97.2802,1
-0.47118,-0.837118,-0.277893,0,0.835737,-0.524445,0.162794,0,-0.282017,-0.15554,0.946718,0,46.2462,40.3838,-97.1595,1
-0.471191,-0.83709,-0.277957,0,0.835659,-0.524508,0.162994,0,-0.282231,-0.155476,0.946664,0,46.2242,40.4062,-97.1163,1
-0.471128,-0.83711,-0.278003,0,0.835614,-0.5245,0.163247,0,-0.282468,-0.155393,0.946607,0,46.1853,40.4435,-97.0121,1
-0.47118,-0.837052,-0.278089,0,0.835484,-0.524622,0.163518,0,-0.282765,-0.155292,0.946535,0,46.1813,40.4736,-96.9496,1
-0.471048,-0.837104,-0.278157,0,0.835464,-0.52456,0.163821,0,-0.283046,-0.155223,0.946463,0,46.117,40.49,-96.8393,1
-0.47107,-0.837058,-0.278257,0,0.835304,-0.524682,0.164245,0,-0.28348,-0.155058,0.94636,0,46.0678,40.5409,-96.6888,1
-0.471045,-0.837048,-0.278332,0,0.835247,-0.524711,0.164442,0,-0.283689,-0.155016,0.946304,0,46.0497,40.5579,-96.6289,1
-0.470989,-0.837078,-0.278334,0,0.835239,-0.524679,0.164582,0,-0.283804,-0.154959,0.946279,0,46.0547,40.5756,-96.5515,1
-0.471017,-0.837059,-0.278345,0,0.835123,-0.524763,0.164903,0,-0.284099,-0.154781,0.946219,0,46.0212,40.6219,-96.5097,1
-0.471054,-0.837031,-0.278365,0,0.835084,-0.524813,0.164946,0,-0.284154,-0.15476,0.946206,0,46.0233,40.634,-96.4078,1
-0.470993,-0.837085,-0.278305,0,0.835034,-0.524788,0.165275,0,-0.284401,-0.154551,0.946166,0,45.9799,40.6459,-96.3515,1
-0.470982,-0.837089,-0.278314,0,0.834989,-0.524807,0.165442,0,-0.28455,-0.154469,0.946135,0,45.9745,40.6804,-96.2781,1
-0.470982,-0.83711,-0.278249,0,0.834872,-0.524858,0.165873,0,-0.284895,-0.154179,0.946078,0,45.9131,40.7122,-96.1957,1
-0.471034,-0.837106,-0.278174,0,0.834776,-0.524929,0.166131,0,-0.285091,-0.15396,0.946055,0,45.9013,40.7317,-96.1275,1
-0.471006,-0.837121,-0.278176,0,0.834738,-0.524931,0.166312,0,-0.285246,-0.15387,0.946023,0,45.8721,40.7504,-96.0647,1
-0.471003,-0.837147,-0.278104,0,0.834699,-0.524936,0.166494,0,-0.285366,-0.153714,0.946012,0,45.8705,40.7707,-96.0235,1
-0.471051,-0.837155,-0.277998,0,0.834637,-0.52498,0.166664,0,-0.285467,-0.15352,0.946013,0,45.8543,40.789,-95.9911,1
-0.471103,-0.83717,-0.277864,0,0.834618,-0.524998,0.166704,0,-0.285438,-0.153376,0.946045,0,45.8686,40.7889,-95.9183,1
-0.47114,-0.837176,-0.277783,0,0.834565,-0.525034,0.166852,0,-0.285531,-0.153218,0.946043,0,45.8816,40.8215,-95.8825,1
-0.471179,-0.837212,-0.277609,0,0.8345,-0.52506,0.167097,0,-0.285657,-0.152932,0.946051,0,45.8583,40.8605,-95.8388,1
-0.47121,-0.837221,-0.27753,0,0.834519,-0.525055,0.167021,0,-0.285552,-0.152902,0.946088,0,45.8841,40.8493,-95.7824,1
-0.471229,-0.837242,-0.277433,0,0.834464,-0.525078,0.167226,0,-0.285682,-0.152706,0.94608,0,45.855,40.8605,-95.7778,1
-0.471323,-0.837234,-0.277298,0,0.834383,-0.525156,0.167381,0,-0.285762,-0.152482,0.946092,0,45.8836,40.8919,-95.7599,1
-0.471314,-0.837301,-0.27711,0,0.834402,-0.525103,0.167455,0,-0.285721,-0.152297,0.946134,0,45.8751,40.8812,-95.7044,1
-0.471391,-0.837311,-0.27695,0,0.834332,-0.525158,0.167627,0,-0.285799,-0.15205,0.94615,0,45.8555,40.9001,-95.6897,1
-0.471373,-0.837388,-0.276748,0,0.834352,-0.525095,0.167724,0,-0.285769,-0.151845,0.946192,0,45.8595,40.8953,-95.6622,1
-0.471458,-0.83739,-0.276597,0,0.83426,-0.52517,0.167948,0,-0.285898,-0.151573,0.946197,0,45.8324,40.9211,-95.6551,1
-0.471437,-0.837494,-0.276318,0,0.834294,-0.525083,0.168053,0,-0.285833,-0.151304,0.94626,0,45.8416,40.9025,-95.6167,1
-0.471445,-0.837549,-0.276136,0,0.834257,-0.525071,0.168273,0,-0.285928,-0.151037,0.946273,0,45.8026,40.8991,-95.6028,1
-0.471478,-0.837618,-0.27587,0,0.83421,-0.525065,0.168529,0,-0.286013,-0.150676,0.946305,0,45.7798,40.9154,-95.6013,1
-0.471481,-0.837712,-0.27558,0,0.83422,-0.525002,0.168671,0,-0.285978,-0.150369,0.946365,0,45.7422,40.8968,-95.5692,1
-0.471549,-0.837754,-0.275338,0,0.834192,-0.525014,0.168774,0,-0.285947,-0.150099,0.946417,0,45.7441,40.8788,-95.5495,1
-0.471473,-0.837868,-0.275119,0,0.834243,-0.524893,0.168899,0,-0.285923,-0.149885,0.946458,0,45.7149,40.8602,-95.56,1
-0.471536,-0.837927,-0.274831,0,0.834259,-0.524868,0.168896,0,-0.285773,-0.14964,0.946542,0,45.7404,40.842,-95.55,1
-0.471585,-0.838048,-0.274379,0,0.834239,-0.52482,0.169146,0,-0.285752,-0.149131,0.946629,0,45.705,40.8076,-95.5852,1
-0.471688,-0.838096,-0.274056,0,0.834266,-0.524809,0.169043,0,-0.285501,-0.1489,0.946741,0,45.7527,40.8024,-95.5571,1
-0.471715,-0.83818,-0.27375,0,0.834283,-0.524757,0.169123,0,-0.285408,-0.148607,0.946815,0,45.7507,40.7925,-95.5751,1
-0.471786,-0.83826,-0.273382,0,0.834309,-0.524717,0.169117,0,-0.285212,-0.148298,0.946922,0,45.7826,40.7652,-95.573,1
-0.471857,-0.838352,-0.272978,0,0.834262,-0.524707,0.169379,0,-0.285233,-0.147812,0.946992,0,45.7541,40.7695,-95.5664,1
-0.471975,-0.838415,-0.27258,0,0.834247,-0.524714,0.169434,0,-0.285082,-0.14743,0.947097,0,45.783,40.7625,-95.5418,1
-0.471987,-0.838482,-0.272353,0,0.834262,-0.524668,0.169498,0,-0.285016,-0.147213,0.947151,0,45.7692,40.7384,-95.5387,1
-0.472027,-0.838518,-0.272175,0,0.834254,-0.524663,0.169556,0,-0.284976,-0.147027,0.947192,0,45.7696,40.7317,-95.5651,1
-0.472111,-0.83866,-0.27159,0,0.834271,-0.524593,0.169692,0,-0.284788,-0.146466,0.947335,0,45.7805,40.7189,-95.5503,1
-0.472191,-0.83874,-0.271205,0,0.834255,-0.524576,0.169816,0,-0.284699,-0.146069,0.947423,0,45.7846,40.7151,-95.5452,1
-0.472287,-0.838806,-0.270832,0,0.834231,-0.524579,0.16993,0,-0.284611,-0.145681,0.947509,0,45.7806,40.7161,-95.5413,1
-0.472297,-0.838923,-0.270452,0,0.834243,-0.524502,0.170108,0,-0.28456,-0.145281,0.947586,0,45.7545,40.6894,-95.5581,1
-0.472452,-0.838989,-0.269978,0,0.834179,-0.524543,0.170298,0,-0.284493,-0.144752,0.947687,0,45.7664,40.7098,-95.5379,1
-0.472529,-0.839071,-0.269587,0,0.834157,-0.524527,0.170455,0,-0.284429,-0.144333,0.94777,0,45.7562,40.7175,-95.5337,1
-0.472504,-0.839207,-0.269206,0,0.834226,-0.524397,0.170513,0,-0.284266,-0.14401,0.947868,0,45.752,40.6679,-95.5384,1
-0.472595,-0.839341,-0.268629,0,0.834221,-0.524344,0.1707,0,-0.28413,-0.143424,0.947998,0,45.7421,40.6655,-95.5464,1
-0.472674,-0.839442,-0.268172,0,0.834211,-0.52431,0.170855,0,-0.284029,-0.142953,0.948099,0,45.7482,40.6538,-95.5732,1
-0.47278,-0.839545,-0.267661,0,0.834191,-0.524288,0.171018,0,-0.283909,-0.142427,0.948214,0,45.7406,40.6327,-95.5633,1
-0.472946,-0.839593,-0.267218,0,0.834168,-0.524323,0.171025,0,-0.2837,-0.142019,0.948338,0,45.7723,40.6269,-95.5374,1
-0.472923,-0.839746,-0.266778,0,0.834219,-0.524191,0.171178,0,-0.283589,-0.141597,0.948434,0,45.7737,40.5984,-95.5538,1
-0.473073,-0.839818,-0.266285,0,0.834152,-0.524227,0.171396,0,-0.283535,-0.141039,0.948534,0,45.7494,40.6068,-95.5356,1
-0.473119,-0.839929,-0.265852,0,0.834136,-0.524178,0.171624,0,-0.283506,-0.140558,0.948614,0,45.7251,40.6036,-95.5317,1
-0.473169,-0.840051,-0.265379,0,0.834096,-0.524135,0.171947,0,-0.283539,-0.139992,0.948688,0,45.7017,40.6134,-95.5578,1
-0.473278,-0.840254,-0.264538,0,0.83411,-0.524031,0.172197,0,-0.283315,-0.139157,0.948877,0,45.7036,40.5724,-95.5383,1
-0.473373,-0.840364,-0.26402,0,0.834095,-0.523997,0.172376,0,-0.283204,-0.13862,0.948989,0,45.6937,40.5605,-95.5233,1
-0.473495,-0.840401,-0.263684,0,0.834014,-0.524052,0.172602,0,-0.283239,-0.13819,0.949041,0,45.6879,40.5804,-95.5332,1
-0.47349,-0.840542,-0.263244,0,0.834066,-0.523932,0.172711,0,-0.283093,-0.137786,0.949144,0,45.668,40.5298,-95.5252,1
-0.473596,-0.8406,-0.262866,0,0.834034,-0.523944,0.172833,0,-0.283011,-0.137386,0.949226,0,45.6681,40.5293,-95.5136,1
-0.473717,-0.84073,-0.26223,0,0.833983,-0.523921,0.173145,0,-0.282955,-0.136673,0.949346,0,45.6631,40.5337,-95.5058,1
-0.473741,-0.840873,-0.26173,0,0.834011,-0.523821,0.173313,0,-0.282834,-0.13618,0.949452,0,45.6397,40.5038,-95.4909,1
-0.473881,-0.841066,-0.260854,0,0.834027,-0.523729,0.173513,0,-0.282553,-0.135335,0.949657,0,45.6488,40.4687,-95.5049,1
-0.474081,-0.841133,-0.260274,0,0.833992,-0.523765,0.173574,0,-0.282321,-0.134778,0.949805,0,45.6997,40.4636,-95.4863,1
-0.474143,-0.841288,-0.259661,0,0.833988,-0.523684,0.173839,0,-0.282229,-0.134129,0.949925,0,45.6837,40.4594,-95.4869,1
-0.474226,-0.84145,-0.258984,0,0.833978,-0.523606,0.174119,0,-0.282118,-0.133415,0.950058,0,45.6513,40.4424,-95.4605,1
-0.474353,-0.84156,-0.25839,0,0.83391,-0.523604,0.17445,0,-0.282104,-0.132723,0.950159,0,45.6545,40.4437,-95.4753,1
-0.474415,-0.841719,-0.257761,0,0.833932,-0.523506,0.17464,0,-0.281937,-0.132103,0.950295,0,45.627,40.4126,-95.4648,1
-0.474527,-0.841844,-0.257143,0,0.83391,-0.523467,0.174863,0,-0.281813,-0.131457,0.950421,0,45.6467,40.3943,-95.4603,1
-0.474567,-0.842112,-0.25619,0,0.833892,-0.523305,0.175434,0,-0.2818,-0.130379,0.950574,0,45.5643,40.3782,-95.4452,1
-0.474687,-0.842228,-0.255587,0,0.833827,-0.523293,0.175773,0,-0.281788,-0.129678,0.950673,0,45.5476,40.3806,-95.4403,1
-0.474813,-0.842339,-0.254986,0,0.833819,-0.523261,0.175913,0,-0.281602,-0.129087,0.950809,0,45.5548,40.3543,-95.4308,1
-0.474939,-0.842496,-0.254233,0,0.833826,-0.523189,0.176089,0,-0.281366,-0.128354,0.950978,0,45.5746,40.3543,-95.4433,1
-0.475123,-0.842606,-0.253522,0,0.833844,-0.523163,0.176084,0,-0.281003,-0.127736,0.951168,0,45.6103,40.3226,-95.4047,1
-0.475217,-0.84274,-0.252898,0,0.833835,-0.523102,0.176302,0,-0.280869,-0.127093,0.951294,0,45.6168,40.2916,-95.4134,1
-0.475288,-0.842894,-0.252251,0,0.83382,-0.523024,0.176606,0,-0.280794,-0.126393,0.951409,0,45.5787,40.285,-95.3903,1
-0.47535,-0.843072,-0.251541,0,0.833782,-0.522937,0.177047,0,-0.280803,-0.125572,0.951515,0,45.5506,40.2761,-95.4178,1
-0.475517,-0.843222,-0.250721,0,0.833775,-0.522886,0.177229,0,-0.280542,-0.124769,0.951698,0,45.5806,40.2672,-95.3909,1
-0.475543,-0.843363,-0.250195,0,0.83379,-0.522788,0.177447,0,-0.280451,-0.124227,0.951796,0,45.5446,40.2259,-95.3758,1
-0.475666,-0.84348,-0.249565,0,0.833766,-0.522753,0.177661,0,-0.280315,-0.123571,0.951921,0,45.5504,40.2301,-95.3792,1
-0.475743,-0.843673,-0.248769,0,0.833751,-0.522647,0.178043,0,-0.280228,-0.122709,0.952058,0,45.5252,40.2245,-95.3633,1
-0.475935,-0.843773,-0.24806,0,0.833675,-0.522669,0.178338,0,-0.28013,-0.121924,0.952188,0,45.5346,40.2284,-95.383,1
-0.476042,-0.843933,-0.247307,0,0.833678,-0.522585,0.178568,0,-0.279938,-0.121168,0.952341,0,45.5263,40.2068,-95.3927,1
