0.638472,-0.769571,0.0107422,0,0.769597,0.638213,-0.0200976,0,0.0086107,0.0210989,0.99974,0,52.7848,56.6051,-67.7451,1
0.637141,-0.770673,0.0107219,0,0.770701,0.636889,-0.0198275,0,0.00845183,0.0208963,0.999746,0,52.7927,56.6572,-67.7972,1
0.635445,-0.772074,0.0105546,0,0.7721,0.635197,-0.0196375,0,0.00845742,0.0206278,0.999752,0,52.8032,56.7467,-67.8439,1
0.634047,-0.773224,0.0104452,0,0.773249,0.633805,-0.0194507,0,0.00841957,0.0204094,0.999756,0,52.8802,56.8105,-67.8689,1
0.632862,-0.774197,0.0102836,0,0.774218,0.632622,-0.0193604,0,0.00848311,0.0202142,0.99976,0,52.8995,56.8629,-67.8693,1
0.631563,-0.775259,0.0101247,0,0.775278,0.631327,-0.0192401,0,0.00852405,0.0200008,0.999764,0,52.9462,56.9112,-67.8838,1
0.630032,-0.776506,0.00997772,0,0.776523,0.629801,-0.0190535,0,0.00851116,0.0197522,0.999769,0,52.9986,56.9595,-67.8934,1
0.628786,-0.777517,0.00977356,0,0.777531,0.628558,-0.018991,0,0.00862261,0.0195406,0.999772,0,53.0218,57.0048,-67.9107,1
0.627574,-0.778497,0.00964242,0,0.778509,0.62735,-0.0188649,0,0.00863713,0.0193459,0.999776,0,53.0745,57.053,-67.9192,1
0.626294,-0.779528,0.00961271,0,0.779541,0.626075,-0.0186219,0,0.00849804,0.0191563,0.999781,0,53.0466,57.1166,-67.9525,1
0.624243,-0.781174,0.00941761,0,0.781184,0.62403,-0.0183822,0,0.00848284,0.0188319,0.999787,0,53.0845,57.2046,-67.9791,1
0.622886,-0.782258,0.00929715,0,0.782267,0.622677,-0.0182193,0,0.00846308,0.0186214,0.999791,0,53.0765,57.2744,-68.0149,1
0.621275,-0.783539,0.00915634,0,0.783547,0.621071,-0.0180085,0,0.00842363,0.0183627,0.999796,0,53.0952,57.3223,-68.0377,1
0.619868,-0.784655,0.00900526,0,0.784661,0.619668,-0.0178693,0,0.00844101,0.0181427,0.9998,0,53.1202,57.3924,-68.0573,1
0.618131,-0.786026,0.00885152,0,0.786031,0.617936,-0.017649,0,0.00840295,0.017867,0.999805,0,53.1859,57.4478,-68.0862,1
0.616701,-0.78715,0.00864473,0,0.787152,0.616509,-0.0175559,0,0.00848956,0.0176314,0.999809,0,53.2123,57.5021,-68.1005,1
0.614882,-0.788573,0.00851936,0,0.788574,0.614697,-0.0172849,0,0.00839362,0.0173464,0.999815,0,53.2719,57.551,-68.1301,1
0.612084,-0.790749,0.00826425,0,0.790749,0.611907,-0.0169391,0,0.00833768,0.0169031,0.999823,0,53.3511,57.6373,-68.1779,1
0.610324,-0.79211,0.00814744,0,0.792109,0.610152,-0.0166745,0,0.00823686,0.0166305,0.999828,0,53.3458,57.6966,-68.2368,1
0.608504,-0.793511,0.00800124,0,0.793509,0.608337,-0.0164504,0,0.00818615,0.0163592,0.999833,0,53.3902,57.7941,-68.2888,1
0.606532,-0.795022,0.00772812,0,0.795017,0.606369,-0.0163061,0,0.00827765,0.0160342,0.999837,0,53.4593,57.8464,-68.2964,1
0.604829,-0.79632,0.00754503,0,0.796312,0.60467,-0.0161471,0,0.008296,0.0157744,0.999841,0,53.4996,57.9358,-68.3215,1
0.602916,-0.797772,0.00729456,0,0.797761,0.602762,-0.0159931,0,0.00836198,0.0154618,0.999846,0,53.5385,57.9909,-68.3448,1
0.601168,-0.799091,0.00719653,0,0.79908,0.601019,-0.0157322,0,0.00824621,0.0152083,0.999851,0,53.5368,58.0826,-68.3784,1
0.599028,-0.800698,0.00699968,0,0.800687,0.598883,-0.0154862,0,0.0082078,0.0148812,0.999856,0,53.5833,58.1709,-68.3987,1
0.595939,-0.803002,0.00669194,0,0.802988,0.595802,-0.0151533,0,0.00818112,0.014404,0.999863,0,53.6464,58.2904,-68.4527,1
0.593558,-0.804765,0.00650387,0,0.804751,0.593428,-0.0148409,0,0.00808389,0.014043,0.999869,0,53.7218,58.3692,-68.4774,1
0.591471,-0.806302,0.00627711,0,0.806286,0.591345,-0.0146348,0,0.00808818,0.0137172,0.999873,0,53.7497,58.4434,-68.4959,1
0.58985,-0.80749,0.00612982,0,0.807473,0.589728,-0.0144462,0,0.00805026,0.0134708,0.999877,0,53.8016,58.5007,-68.5281,1
0.587668,-0.809081,0.00592345,0,0.809063,0.587551,-0.0141962,0,0.00800553,0.0131351,0.999882,0,53.8438,58.5705,-68.5763,1
0.58505,-0.810978,0.00556072,0,0.810956,0.584938,-0.0140406,0,0.00813393,0.0127239,0.999886,0,53.9144,58.6712,-68.6226,1
0.582811,-0.81259,0.0053567,0,0.812568,0.582704,-0.0137808,0,0.00807676,0.0123843,0.999891,0,53.9641,58.7475,-68.6569,1
0.579442,-0.814997,0.00518403,0,0.814977,0.579343,-0.0132305,0,0.00777954,0.0118912,0.999899,0,53.9569,58.8558,-68.7293,1
0.57698,-0.816744,0.00489593,0,0.816721,0.576886,-0.0129971,0,0.0077909,0.0114977,0.999904,0,54.0084,58.9044,-68.7733,1
0.574491,-0.818498,0.00467151,0,0.818475,0.574403,-0.0126956,0,0.00770806,0.0111171,0.999909,0,54.0345,58.9596,-68.8001,1
0.57194,-0.820284,0.00433566,0,0.820258,0.571856,-0.0125206,0,0.00779108,0.0107174,0.999912,0,54.1285,59.0403,-68.8008,1
0.569538,-0.821955,0.00415852,0,0.821929,0.569459,-0.0121963,0,0.00765674,0.0103643,0.999917,0,54.144,59.1217,-68.8282,1
0.567084,-0.823651,0.00393977,0,0.823626,0.567009,-0.0119013,0,0.00756865,0.00999394,0.999922,0,54.1559,59.1913,-68.8717,1
0.564505,-0.825421,0.00368006,0,0.825395,0.564436,-0.0116386,0,0.00752966,0.00960761,0.999926,0,54.2001,59.2742,-68.9118,1
0.561923,-0.827183,0.00341973,0,0.827156,0.561858,-0.0113762,0,0.00748881,0.00922121,0.99993,0,54.2542,59.3552,-68.9882,1
0.558082,-0.829781,0.00306034,0,0.829753,0.558023,-0.0109552,0,0.00738274,0.00865326,0.999935,0,54.3273,59.4891,-69.0571,1
0.555167,-0.831734,0.00285135,0,0.831708,0.555114,-0.0105559,0,0.00719692,0.00823181,0.99994,0,54.3965,59.5676,-69.101,1
0.55226,-0.833668,0.00243943,0,0.83364,0.552211,-0.0103944,0,0.00731844,0.00777404,0.999943,0,54.5136,59.6444,-69.1268,1
0.549392,-0.835562,0.00220732,0,0.835534,0.549348,-0.0100401,0,0.00717653,0.00736025,0.999947,0,54.5329,59.7372,-69.1859,1
0.546747,-0.837296,0.00203076,0,0.837269,0.546706,-0.00966816,0,0.0069849,0.00698635,0.999951,0,54.5237,59.8231,-69.2487,1
0.544796,-0.838567,0.00180135,0,0.83854,0.544758,-0.00950734,0,0.00699127,0.00669009,0.999953,0,54.5429,59.8846,-69.2615,1
0.542581,-0.840002,0.00152724,0,0.839974,0.542546,-0.00934593,0,0.00702201,0.00635378,0.999955,0,54.6026,59.9298,-69.2634,1
0.538274,-0.84277,0.000949387,0,0.84274,0.538245,-0.00907876,0,0.00714032,0.00568698,0.999958,0,54.7245,60.0159,-69.3152,1
0.535025,-0.844836,0.000656351,0,0.844807,0.535,-0.00870309,0,0.00700155,0.00521087,0.999962,0,54.8011,60.0814,-69.3693,1
0.532018,-0.846733,0.000472138,0,0.846706,0.531997,-0.00824523,0,0.00673033,0.00478638,0.999966,0,54.8034,60.1606,-69.4468,1
0.528946,-0.848656,0.000221167,0,0.84863,0.528928,-0.00785904,0,0.00655267,0.00434472,0.999969,0,54.8342,60.229,-69.5016,1
0.526048,-0.850455,-7.88341e-05,0,0.85043,0.526034,-0.00757152,0,0.00648072,0.00391595,0.999971,0,54.8663,60.2813,-69.5359,1
0.522872,-0.852411,-0.000455509,0,0.852387,0.522861,-0.00733507,0,0.00649069,0.00344705,0.999973,0,54.9437,60.3697,-69.5612,1
0.519687,-0.854356,-0.000727724,0,0.854333,0.519679,-0.00695498,0,0.00632024,0.00299272,0.999976,0,54.9623,60.4475,-69.6156,1
0.514766,-0.85733,-0.00131269,0,0.857308,0.514763,-0.00658521,0,0.00632142,0.00226448,0.999978,0,55.069,60.5593,-69.6649,1
0.511441,-0.859317,-0.00167356,0,0.859295,0.511441,-0.00629386,0,0.00626437,0.00178088,0.999979,0,55.1357,60.6301,-69.7314,1
0.507975,-0.86137,-0.00194515,0,0.861351,0.507977,-0.00586357,0,0.0060388,0.0013031,0.999981,0,55.1818,60.7277,-69.7879,1
0.506234,-0.862394,-0.00212999,0,0.862375,0.506238,-0.00570149,0,0.00599524,0.00104944,0.999982,0,55.2409,60.754,-69.82,1
0.502859,-0.864365,-0.0024528,0,0.864349,0.502865,-0.00535446,0,0.00586165,0.000572462,0.999983,0,55.3041,60.8354,-69.8607,1
0.499537,-0.866288,-0.00267667,0,0.866275,0.499545,-0.00488598,0,0.00556979,0.000122007,0.999985,0,55.3024,60.9395,-69.9435,1
0.495972,-0.868334,-0.00304663,0,0.868322,0.495981,-0.00455692,0,0.00546801,-0.000385348,0.999985,0,55.3673,60.9969,-69.9782,1
0.490475,-0.871447,-0.0038168,0,0.871437,0.490489,-0.00430199,0,0.00562108,-0.00121604,0.999984,0,55.5331,61.0639,-70.0176,1
0.486931,-0.873431,-0.00422459,0,0.873423,0.486946,-0.00403769,0,0.00558379,-0.00172377,0.999983,0,55.6023,61.133,-70.031,1
0.483502,-0.875332,-0.00450737,0,0.875327,0.483519,-0.00361484,0,0.00534358,-0.00219764,0.999983,0,55.5733,61.1852,-70.0972,1
0.47989,-0.877315,-0.00485172,0,0.877314,0.479907,-0.00323784,0,0.005169,-0.00270264,0.999983,0,55.5998,61.2488,-70.1468,1
0.475916,-0.879476,-0.00521039,0,0.879477,0.475933,-0.00277,0,0.00491596,-0.00326411,0.999983,0,55.6719,61.2816,-70.2152,1
0.472088,-0.881534,-0.00554257,0,0.881539,0.472105,-0.00232089,0,0.00466265,-0.00379031,0.999982,0,55.7123,61.3529,-70.2992,1
0.468366,-0.883515,-0.00594975,0,0.883523,0.468384,-0.00202575,0,0.00457657,-0.00430794,0.99998,0,55.7502,61.4277,-70.3594,1
0.465499,-0.885026,-0.00631262,0,0.885037,0.465518,-0.0018694,0,0.00459313,-0.00471668,0.999979,0,55.8067,61.4857,-70.3953,1
0.460772,-0.887492,-0.00690246,0,0.887507,0.460792,-0.00158121,0,0.00458392,-0.00539738,0.999975,0,55.8952,61.5584,-70.3743,1
0.456761,-0.889559,-0.00733688,0,0.889578,0.456781,-0.00124817,0,0.00446168,-0.0059566,0.999973,0,55.9589,61.6043,-70.4118,1
0.452391,-0.891787,-0.00771064,0,0.89181,0.452409,-0.000747867,0,0.00415532,-0.00653808,0.99997,0,56.035,61.6797,-70.4655,1
0.448331,-0.893832,-0.00804493,0,0.89386,0.448347,-0.000243068,0,0.00382419,-0.00708204,0.999968,0,56.0718,61.7332,-70.546,1
0.444388,-0.895795,-0.00844947,0,0.895827,0.444403,0.000106193,0,0.00365984,-0.00761645,0.999964,0,56.118,61.7999,-70.6319,1
0.440352,-0.897781,-0.0089251,0,0.897818,0.440366,0.000384465,0,0.00358515,-0.0081824,0.99996,0,56.1764,61.864,-70.7047,1
0.436413,-0.899698,-0.00934104,0,0.89974,0.436426,0.000734277,0,0.00341605,-0.00872496,0.999956,0,56.1628,61.888,-70.7225,1
0.429799,-0.902869,-0.0100434,0,0.902919,0.429808,0.00130451,0,0.00313897,-0.0096291,0.999949,0,56.2656,61.9337,-70.7649,1
0.425366,-0.904961,-0.0104698,0,0.905017,0.425372,0.00176479,0,0.0028565,-0.010226,0.999944,0,56.3158,61.9763,-70.803,1
0.421224,-0.906891,-0.0108867,0,0.906953,0.421227,0.00214782,0,0.00263796,-0.0107784,0.999939,0,56.3484,62.0222,-70.8579,1
0.416967,-0.908851,-0.0113391,0,0.908919,0.416966,0.00250714,0,0.00244944,-0.0113517,0.999933,0,56.3837,62.0763,-70.9588,1
0.412247,-0.910995,-0.011886,0,0.911069,0.412243,0.00286012,0,0.00229439,-0.012008,0.999925,0,56.4844,62.0993,-71.009,1
0.407599,-0.913077,-0.0124139,0,0.913158,0.407593,0.00317115,0,0.00216431,-0.0126284,0.999918,0,56.5694,62.1535,-71.0214,1
0.403215,-0.915015,-0.0128785,0,0.915103,0.403205,0.00354118,0,0.00195245,-0.013213,0.999911,0,56.5919,62.2083,-71.0747,1
0.398713,-0.916981,-0.0132245,0,0.917074,0.398695,0.00411638,0,0.0014979,-0.0137691,0.999904,0,56.5743,62.2778,-71.1509,1
0.391647,-0.920007,-0.0141713,0,0.920115,0.391625,0.00440091,0,0.00150099,-0.0147628,0.99989,0,56.7554,62.2895,-71.2113,1
0.386771,-0.92206,-0.0146298,0,0.922175,0.386741,0.0049037,0,0.00113647,-0.0153878,0.999881,0,56.7951,62.3245,-71.3128,1
0.381973,-0.92405,-0.0150997,0,0.924173,0.381936,0.00539663,0,0.000780374,-0.0160161,0.999872,0,56.8033,62.3217,-71.3681,1
0.377471,-0.925889,-0.0156571,0,0.926021,0.377429,0.00565028,0,0.000677943,-0.0166316,0.999861,0,56.829,62.3339,-71.4027,1
0.374005,-0.927289,-0.0160069,0,0.927427,0.373958,0.00594833,0,0.000470094,-0.0170699,0.999854,0,56.8588,62.3847,-71.427,1
0.368871,-0.929334,-0.0165363,0,0.929481,0.368816,0.0064066,0,0.000144973,-0.0177334,0.999843,0,56.9006,62.3936,-71.4945,1
0.364951,-0.930871,-0.0170424,0,0.931027,0.364892,0.0065761,0,9.71556e-05,-0.0182669,0.999833,0,57.0014,62.3941,-71.5155,1
0.357625,-0.933695,-0.017846,0,0.933866,0.357554,0.00710014,0,-0.000248432,-0.0192049,0.999816,0,57.0987,62.4631,-71.6114,1
0.352745,-0.93554,-0.0183366,0,0.935719,0.352665,0.00755799,0,-0.000604145,-0.0198239,0.999803,0,57.1094,62.4863,-71.6898,1
0.347356,-0.937544,-0.0188757,0,0.937733,0.347264,0.00807336,0,-0.00101428,-0.0205047,0.999789,0,57.1715,62.4961,-71.7448,1
0.342164,-0.939437,-0.0195703,0,0.93964,0.342066,0.00824833,0,-0.00105441,-0.0212113,0.999775,0,57.2425,62.4857,-71.7614,1
0.337328,-0.94117,-0.0202159,0,0.941387,0.337226,0.00836961,0,-0.00105987,-0.0218543,0.999761,0,57.27,62.5034,-71.7917,1
0.332021,-0.943045,-0.0206902,0,0.943271,0.331903,0.00898764,0,-0.00160858,-0.0225006,0.999746,0,57.2665,62.4927,-71.8716,1
0.326723,-0.944882,-0.0212393,0,0.945118,0.326592,0.00945021,0,-0.00199272,-0.0231613,0.99973,0,57.2906,62.4613,-71.9379,1
0.32118,-0.946767,-0.0218257,0,0.947015,0.321035,0.00991476,0,-0.00238012,-0.0238537,0.999713,0,57.3664,62.4603,-72.0034,1
0.313114,-0.949444,-0.0227384,0,0.949712,0.312952,0.0104689,0,-0.00282358,-0.0248729,0.999687,0,57.3864,62.4712,-72.0918,1
0.307959,-0.951113,-0.0233471,0,0.951395,0.307786,0.0107382,0,-0.00302735,-0.0255193,0.99967,0,57.4201,62.4968,-72.1237,1
0.30212,-0.952968,-0.0239867,0,0.953264,0.301932,0.0111698,0,-0.00340211,-0.0262402,0.99965,0,57.4757,62.4796,-72.1886,1
0.296511,-0.954715,-0.0245183,0,0.955021,0.296304,0.0117625,0,-0.00396501,-0.0269032,0.99963,0,57.4825,62.4946,-72.319,1
0.291048,-0.956379,-0.0251193,0,0.956699,0.290825,0.0121858,0,-0.00434891,-0.0275782,0.99961,0,57.4958,62.4708,-72.339,1
0.285649,-0.957986,-0.0258313,0,0.958324,0.285417,0.0123119,0,-0.00442189,-0.0282716,0.999591,0,57.5447,62.4395,-72.346,1
0.279516,-0.959773,-0.0265963,0,0.96013,0.279271,0.0126115,0,-0.00467662,-0.029061,0.999567,0,57.6289,62.3679,-72.3827,1
0.271253,-0.962116,-0.0274719,0,0.962494,0.27098,0.0132688,0,-0.0053218,-0.0300407,0.999535,0,57.6188,62.3358,-72.4473,1
0.2655,-0.963704,-0.0280193,0,0.964093,0.265204,0.0138682,0,-0.00593396,-0.0306952,0.999511,0,57.5963,62.3228,-72.5451,1
0.261007,-0.964915,-0.0285324,0,0.965317,0.260696,0.0141784,0,-0.00624263,-0.0312435,0.999492,0,57.6295,62.3129,-72.6003,1
0.256619,-0.966076,-0.0290616,0,0.966491,0.256297,0.0143727,0,-0.00643674,-0.0317761,0.999474,0,57.687,62.2952,-72.6338,1
0.250676,-0.967614,-0.0297602,0,0.968048,0.250336,0.0146991,0,-0.00677296,-0.032494,0.999449,0,57.7164,62.2515,-72.6409,1
0.245049,-0.969033,-0.0304455,0,0.969485,0.244693,0.0149849,0,-0.00707103,-0.0331885,0.999424,0,57.7362,62.2347,-72.6946,1
0.239351,-0.970438,-0.0309979,0,0.970903,0.238968,0.0155817,0,-0.00771353,-0.0338254,0.999398,0,57.6782,62.2124,-72.7833,1
0.230363,-0.972577,-0.0320553,0,0.97307,0.22995,0.0160821,0,-0.00827,-0.0348968,0.999357,0,57.7568,62.098,-72.9064,1
0.224847,-0.973844,-0.0327464,0,0.974357,0.224416,0.0163426,0,-0.00856636,-0.0355813,0.99933,0,57.7175,62.0323,-72.9497,1
0.219274,-0.975091,-0.0334273,0,0.975623,0.218826,0.0165765,0,-0.00884887,-0.0362472,0.999304,0,57.7247,61.9785,-72.9658,1
0.213089,-0.976437,-0.0341149,0,0.976988,0.212613,0.0170657,0,-0.00941033,-0.0369663,0.999272,0,57.7606,61.9215,-73.012,1
0.207624,-0.977593,-0.0347044,0,0.978159,0.207123,0.0175005,0,-0.00992025,-0.0375799,0.999245,0,57.7065,61.8674,-73.0823,1
0.202114,-0.978724,-0.0353556,0,0.979308,0.201593,0.0177782,0,-0.0102725,-0.0382172,0.999217,0,57.7475,61.8334,-73.1721,1
0.196517,-0.979838,-0.0360347,0,0.980443,0.195975,0.0180384,0,-0.0106128,-0.0388748,0.999188,0,57.7681,61.7987,-73.2149,1
0.190775,-0.980949,-0.0366756,0,0.981571,0.190208,0.0184122,0,-0.0110854,-0.0395123,0.999158,0,57.7617,61.7254,-73.2637,1
0.182384,-0.982505,-0.0376868,0,0.983158,0.181782,0.0188533,0,-0.0116727,-0.0404906,0.999112,0,57.7597,61.604,-73.2766,1
0.177133,-0.983439,-0.0383724,0,0.984116,0.176516,0.0189373,0,-0.0118503,-0.0411172,0.999084,0,57.7812,61.5299,-73.3293,1
0.171949,-0.984336,-0.0389459,0,0.985028,0.171305,0.0193516,0,-0.0123769,-0.0416903,0.999054,0,57.7384,61.4937,-73.4177,1
0.166303,-0.98528,-0.0395878,0,0.98599,0.165629,0.0197615,0,-0.0129138,-0.0423195,0.999021,0,57.7173,61.372,-73.4644,1
0.160934,-0.986146,-0.0402012,0,0.986874,0.160231,0.0201675,0,-0.0134466,-0.0429191,0.998988,0,57.6661,61.3032,-73.5257,1
0.155632,-0.98697,-0.04086,0,0.98772,0.154909,0.0203291,0,-0.0137346,-0.0435221,0.998958,0,57.6554,61.2443,-73.5182,1
0.150656,-0.987718,-0.0414338,0,0.988486,0.14991,0.0205738,0,-0.0141098,-0.0440562,0.99893,0,57.6157,61.2063,-73.5841,1
0.143496,-0.988745,-0.0423405,0,0.989545,0.142721,0.0207929,0,-0.014516,-0.0448815,0.998887,0,57.7346,61.0999,-73.6152,1
0.139644,-0.989277,-0.0427839,0,0.99009,0.138847,0.0210681,0,-0.0149018,-0.0453019,0.998862,0,57.6834,61.0341,-73.668,1
0.134758,-0.989931,-0.0433257,0,0.990758,0.133932,0.0214514,0,-0.0154327,-0.045816,0.998831,0,57.6161,61.0039,-73.7426,1
0.129636,-0.990589,-0.0439054,0,0.991433,0.128778,0.0218496,0,-0.0159899,-0.0463618,0.998797,0,57.5505,60.9043,-73.7711,1
0.124308,-0.991238,-0.0446596,0,0.992113,0.123435,0.0218102,0,-0.0161065,-0.0470185,0.998764,0,57.5823,60.7667,-73.7884,1
0.119401,-0.991817,-0.0452,0,0.992707,0.118497,0.0221893,0,-0.0166516,-0.0475197,0.998732,0,57.4863,60.6905,-73.8775,1
0.11434,-0.992384,-0.0458419,0,0.993295,0.113407,0.0224667,0,-0.0170967,-0.0481033,0.998696,0,57.4538,60.5642,-73.9049,1
0.106968,-0.993165,-0.0467033,0,0.994103,0.105992,0.0228958,0,-0.0177891,-0.048877,0.998646,0,57.4218,60.4642,-73.963,1
0.101936,-0.993669,-0.047235,0,0.99462,0.100924,0.0233489,0,-0.018434,-0.049361,0.998611,0,57.3704,60.4061,-74.023,1
0.0970072,-0.99413,-0.0479121,0,0.99511,0.0959779,0.0233402,0,-0.0186047,-0.0499419,0.998579,0,57.4033,60.3206,-74.0506,1
0.0920692,-0.994571,-0.0485051,0,0.995571,0.0910134,0.0235453,0,-0.0190028,-0.0504581,0.998546,0,57.3575,60.2476,-74.081,1
0.0872357,-0.994976,-0.0491177,0,0.996,0.0861557,0.0236973,0,-0.0193464,-0.0509884,0.998512,0,57.3542,60.1608,-74.0928,1
0.0825795,-0.995347,-0.0496502,0,0.996388,0.0814701,0.0239689,0,-0.0198123,-0.0514501,0.998479,0,57.288,60.0979,-74.1514,1
0.0776801,-0.995711,-0.0502627,0,0.996772,0.0765386,0.0242505,0,-0.0202994,-0.0519842,0.998442,0,57.2559,59.9654,-74.2045,1
0.072866,-0.996047,-0.0508134,0,0.997122,0.0716858,0.0246751,0,-0.0209349,-0.0524651,0.998404,0,57.2052,59.876,-74.2603,1
0.0662816,-0.996461,-0.0516942,0,0.997575,0.0650757,0.0246742,0,-0.0212228,-0.0532043,0.998358,0,57.1522,59.7206,-74.3111,1
0.0617637,-0.996723,-0.0522433,0,0.997855,0.0605277,0.0249205,0,-0.0216766,-0.0536704,0.998324,0,57.0824,59.6309,-74.3499,1
0.0569115,-0.99698,-0.0528486,0,0.998135,0.0556456,0.0251247,0,-0.0221079,-0.0541799,0.998287,0,57.0633,59.5173,-74.3475,1
0.0522509,-0.997204,-0.0534261,0,0.998379,0.0509537,0.0253606,0,-0.0225674,-0.0546646,0.99825,0,57.0241,59.4193,-74.3947,1
0.0477755,-0.9974,-0.0539456,0,0.998589,0.0464393,0.0257564,0,-0.0231842,-0.0551,0.998212,0,56.9241,59.3606,-74.492,1
0.0443858,-0.997535,-0.0543548,0,0.998738,0.0430268,0.0259224,0,-0.0235198,-0.0554367,0.998185,0,56.9028,59.2949,-74.515,1
0.0400124,-0.99769,-0.0549078,0,0.998915,0.0386285,0.0260367,0,-0.0238555,-0.05589,0.998152,0,56.8807,59.2201,-74.5595,1
0.0347724,-0.997847,-0.0556096,0,0.999103,0.0333629,0.0260771,0,-0.0241656,-0.0564665,0.998112,0,56.8341,59.1062,-74.5603,1
0.0302172,-0.997966,-0.0561282,0,0.999237,0.0287693,0.0264257,0,-0.0247572,-0.0568839,0.998074,0,56.7359,58.9986,-74.6135,1
0.0258178,-0.998056,-0.0567367,0,0.999354,0.0243477,0.0264523,0,-0.0250194,-0.057383,0.998039,0,56.7131,58.8683,-74.6186,1
0.0217537,-0.998123,-0.0572482,0,0.999441,0.020256,0.0266131,0,-0.0254035,-0.0577951,0.998005,0,56.6509,58.7775,-74.6364,1
0.0176325,-0.998176,-0.0577401,0,0.99951,0.0161023,0.0268597,0,-0.0258809,-0.0581854,0.99797,0,56.587,58.6826,-74.6767,1
0.0136522,-0.998208,-0.0582574,0,0.999563,0.0120951,0.0269955,0,-0.0262425,-0.0586005,0.997937,0,56.5172,58.5792,-74.7302,1
0.00920629,-0.998226,-0.0588244,0,0.999603,0.00762088,0.0271177,0,-0.0266213,-0.0590507,0.9979,0,56.5047,58.4584,-74.7912,1
0.00285539,-0.998217,-0.0596309,0,0.999627,0.0012303,0.0272729,0,-0.0271509,-0.0596865,0.997848,0,56.4859,58.2918,-74.8187,1
-0.000937393,-0.99819,-0.0601309,0,0.999622,-0.00258805,0.0273781,0,-0.0274842,-0.0600824,0.997815,0,56.4062,58.2067,-74.8197,1
-0.0049161,-0.99815,-0.0605963,0,0.999597,-0.00660043,0.0276248,0,-0.0279736,-0.060436,0.99778,0,56.3273,58.1489,-74.8267,1
-0.00884955,-0.998092,-0.0611026,0,0.999559,-0.0105615,0.0277509,0,-0.0283432,-0.06083,0.997746,0,56.294,58.0836,-74.8295,1
-0.0128285,-0.998017,-0.0616265,0,0.999505,-0.0145697,0.0278877,0,-0.0287303,-0.0612383,0.99771,0,56.2337,57.9591,-74.8809,1
-0.0168194,-0.997923,-0.0621902,0,0.999442,-0.018576,0.0277755,0,-0.028873,-0.0616882,0.997678,0,56.2493,57.8379,-74.9237,1
-0.020705,-0.99782,-0.0626633,0,0.999357,-0.0224917,0.0279439,0,-0.0292923,-0.0620444,0.997643,0,56.1797,57.7586,-74.9545,1
-0.0244204,-0.997707,-0.0631314,0,0.99926,-0.026238,0.0281266,0,-0.0297186,-0.0623978,0.997609,0,56.1175,57.6658,-74.9924,1
-0.0297974,-0.997518,-0.0637939,0,0.999094,-0.0316633,0.0284382,0,-0.0303876,-0.0628887,0.997558,0,55.977,57.5273,-75.0547,1
-0.0333592,-0.997376,-0.0642603,0,0.99897,-0.0352543,0.0285842,0,-0.0307746,-0.0632405,0.997524,0,55.9019,57.423,-75.0538,1
-0.0370698,-0.997213,-0.0647443,0,0.99883,-0.0389887,0.0286278,0,-0.0310723,-0.0636073,0.997491,0,55.8527,57.3143,-75.0396,1
-0.0398421,-0.997083,-0.0650998,0,0.998713,-0.0417833,0.0287335,0,-0.0313698,-0.0638712,0.997465,0,55.7901,57.2224,-75.052,1
-0.0426632,-0.996941,-0.0654894,0,0.998591,-0.0446219,0.0287412,0,-0.0315755,-0.0641709,0.99744,0,55.7731,57.14,-75.079,1
-0.0461001,-0.99676,-0.0659216,0,0.998423,-0.0480916,0.028949,0,-0.0320254,-0.0644831,0.997405,0,55.6789,57.0589,-75.1684,1
-0.0494076,-0.996574,-0.0663334,0,0.998256,-0.0514217,0.0290042,0,-0.0323158,-0.0647847,0.997376,0,55.6446,56.9925,-75.1757,1
-0.054559,-0.996262,-0.0669798,0,0.997964,-0.0566266,0.0293652,0,-0.0330483,-0.0652412,0.997322,0,55.5378,56.8562,-75.2284,1
-0.0579784,-0.996037,-0.0674476,0,0.997756,-0.0600791,0.0295428,0,-0.0334779,-0.0655835,0.997285,0,55.4242,56.7445,-75.3002,1
-0.0616027,-0.99579,-0.0678775,0,0.997522,-0.06374,0.029783,0,-0.0339841,-0.0658745,0.997249,0,55.3662,56.6692,-75.341,1
-0.064869,-0.995553,-0.0683166,0,0.997306,-0.0670287,0.0298066,0,-0.0342532,-0.066199,0.997218,0,55.3195,56.5844,-75.3331,1
-0.0680674,-0.995309,-0.0687605,0,0.997086,-0.0702442,0.0297493,0,-0.0344398,-0.0665351,0.99719,0,55.2875,56.5016,-75.2697,1
-0.0712272,-0.995061,-0.0691383,0,0.996854,-0.0734286,0.0298354,0,-0.0347647,-0.0667957,0.997161,0,55.2438,56.4344,-75.3116,1
-0.0744508,-0.994793,-0.069602,0,0.996609,-0.0766756,0.0298553,0,-0.0350366,-0.0671432,0.997128,0,55.1828,56.3267,-75.3325,1
-0.0775281,-0.994529,-0.070011,0,0.996361,-0.0797823,0.0299921,0,-0.0354136,-0.067431,0.997095,0,55.118,56.2343,-75.4027,1
-0.0822854,-0.994103,-0.0706293,0,0.995958,-0.0845857,0.0302133,0,-0.0360094,-0.0678577,0.997045,0,55.0255,56.0735,-75.4492,1
-0.0854333,-0.99381,-0.0710194,0,0.995678,-0.0877651,0.0303822,0,-0.0364271,-0.0681167,0.997012,0,54.9601,55.9699,-75.4804,1
-0.0881926,-0.993542,-0.0713902,0,0.995426,-0.0905491,0.0304673,0,-0.0367349,-0.0683767,0.996983,0,54.8637,55.8974,-75.4954,1
-0.0911241,-0.99325,-0.0717666,0,0.995147,-0.0935114,0.0306316,0,-0.0371358,-0.068627,0.996951,0,54.7872,55.8297,-75.5096,1
-0.0940636,-0.992946,-0.0721833,0,0.994865,-0.0964707,0.0306117,0,-0.0373593,-0.0689331,0.996922,0,54.7267,55.7271,-75.535,1
-0.0969889,-0.992636,-0.0725805,0,0.994574,-0.0994189,0.0306428,0,-0.037633,-0.0692146,0.996892,0,54.6755,55.6186,-75.5517,1
-0.0995713,-0.992355,-0.072926,0,0.994315,-0.102011,0.0305259,0,-0.0377317,-0.0694719,0.99687,0,54.6326,55.5473,-75.5633,1
-0.103725,-0.991887,-0.0734999,0,0.993875,-0.106198,0.0305665,0,-0.0381241,-0.0698792,0.996827,0,54.5549,55.4353,-75.5931,1
-0.105972,-0.991627,-0.0738022,0,0.993632,-0.108458,0.0305221,0,-0.0382709,-0.0700978,0.996806,0,54.5477,55.3681,-75.5854,1
-0.108727,-0.991297,-0.0742311,0,0.993322,-0.111242,0.030621,0,-0.0386121,-0.070406,0.996771,0,54.4827,55.2502,-75.6063,1
-0.110489,-0.991083,-0.0744798,0,0.993117,-0.113024,0.0307157,0,-0.0388598,-0.0705734,0.996749,0,54.4153,55.2224,-75.6408,1
-0.113305,-0.990737,-0.0748538,0,0.992784,-0.115873,0.0308961,0,-0.0392834,-0.0708129,0.996716,0,54.3385,55.1242,-75.7038,1
-0.115809,-0.990423,-0.0751764,0,0.992482,-0.118403,0.0310017,0,-0.0396058,-0.0710209,0.996688,0,54.2683,55.0546,-75.7033,1
-0.118145,-0.990122,-0.0755022,0,0.992195,-0.120763,0.0310831,0,-0.0398939,-0.0712406,0.996661,0,54.2142,55.0123,-75.7456,1
-0.120843,-0.989771,-0.0758363,0,0.991853,-0.123493,0.0312634,0,-0.0403088,-0.0714405,0.99663,0,54.1559,54.9227,-75.7725,1
-0.124421,-0.989291,-0.0763067,0,0.991398,-0.127096,0.0312457,0,-0.0406094,-0.0717627,0.996595,0,54.0778,54.832,-75.7569,1
-0.126914,-0.988946,-0.0766749,0,0.991075,-0.129606,0.0311932,0,-0.0407858,-0.0720316,0.996568,0,54.0508,54.7324,-75.7776,1
-0.129346,-0.988608,-0.0769744,0,0.990747,-0.132063,0.0312962,0,-0.0411051,-0.0722141,0.996542,0,53.9788,54.6396,-75.8179,1
-0.131771,-0.988261,-0.0773155,0,0.990415,-0.134513,0.0313709,0,-0.0414025,-0.0724406,0.996513,0,53.9114,54.5652,-75.8461,1
-0.133871,-0.987956,-0.0776049,0,0.990123,-0.136635,0.0314413,0,-0.0416661,-0.0726293,0.996488,0,53.82,54.5085,-75.8552,1
-0.136155,-0.987625,-0.0778426,0,0.989798,-0.138941,0.0315405,0,-0.0419657,-0.0727541,0.996467,0,53.7816,54.4507,-75.8533,1
-0.138147,-0.987327,-0.0781104,0,0.989517,-0.140945,0.031496,0,-0.0421061,-0.0729405,0.996447,0,53.728,54.375,-75.8342,1
-0.141211,-0.98686,-0.0785383,0,0.989075,-0.144028,0.0314192,0,-0.0423181,-0.0732435,0.996416,0,53.6713,54.268,-75.8576,1
-0.143383,-0.986525,-0.0788081,0,0.988751,-0.146221,0.031483,0,-0.0425821,-0.0734074,0.996393,0,53.6196,54.1695,-75.8747,1
-0.145258,-0.98623,-0.0790661,0,0.98846,-0.148128,0.0316953,0,-0.0429707,-0.0735497,0.996365,0,53.5199,54.1149,-75.9082,1
-0.147344,-0.985898,-0.0793467,0,0.988135,-0.150245,0.0318797,0,-0.0433515,-0.0737079,0.996337,0,53.4288,54.0513,-75.9748,1
-0.149425,-0.985562,-0.0796218,0,0.987808,-0.15235,0.0319992,0,-0.0436676,-0.0738696,0.996312,0,53.377,53.9758,-75.9932,1
-0.151455,-0.985229,-0.0799037,0,0.987492,-0.154395,0.0319595,0,-0.0438241,-0.0740638,0.99629,0,53.3659,53.9151,-76.0198,1
-0.152875,-0.984995,-0.0800916,0,0.987265,-0.15583,0.0320083,0,-0.0440087,-0.0741784,0.996274,0,53.3151,53.8605,-76.0232,1
-0.155158,-0.984612,-0.0804124,0,0.986906,-0.158121,0.0318584,0,-0.0440831,-0.0744163,0.996253,0,53.2989,53.7828,-76.0418,1
-0.157048,-0.984292,-0.0806621,0,0.9866,-0.160024,0.0318255,0,-0.0442335,-0.0745831,0.996233,0,53.3043,53.7389,-76.0501,1
-0.158796,-0.983991,-0.0809071,0,0.986307,-0.161797,0.0319515,0,-0.0445305,-0.0747255,0.99621,0,53.2281,53.6846,-76.034,1
-0.160358,-0.983719,-0.081132,0,0.986049,-0.163369,0.0318981,0,-0.0446332,-0.074885,0.996193,0,53.171,53.6275,-76.0272,1
-0.162176,-0.983402,-0.081359,0,0.985744,-0.165202,0.0319064,0,-0.0448175,-0.0750246,0.996174,0,53.132,53.5812,-76.0201,1
-0.163616,-0.983148,-0.0815434,0,0.985497,-0.166658,0.0319657,0,-0.0450169,-0.0751306,0.996157,0,53.0475,53.5544,-76.0318,1
-0.165516,-0.982807,-0.0818238,0,0.985167,-0.16858,0.0320342,0,-0.0452772,-0.075308,0.996132,0,53.0183,53.4689,-76.0237,1
-0.166848,-0.982567,-0.0819985,0,0.984933,-0.169929,0.0321098,0,-0.045484,-0.0754056,0.996115,0,52.9597,53.4529,-76.0634,1
-0.169159,-0.982144,-0.0823344,0,0.984529,-0.17226,0.0320858,0,-0.0456958,-0.075633,0.996088,0,52.9155,53.3365,-76.0968,1
-0.170515,-0.981897,-0.0824775,0,0.984283,-0.173635,0.032207,0,-0.0459449,-0.0756894,0.996073,0,52.8582,53.3271,-76.1122,1
-0.171997,-0.981618,-0.0827293,0,0.98402,-0.17513,0.0321783,0,-0.0460751,-0.0758727,0.996053,0,52.847,53.2453,-76.1136,1
-0.173553,-0.981328,-0.0829132,0,0.983736,-0.176703,0.0322373,0,-0.0462864,-0.0759698,0.996035,0,52.8188,53.1796,-76.1216,1
-0.174644,-0.981122,-0.0830605,0,0.983538,-0.177804,0.0322419,0,-0.0464016,-0.0760622,0.996023,0,52.7621,53.1559,-76.135,1
-0.176139,-0.980838,-0.0832596,0,0.983262,-0.179314,0.0322782,0,-0.0465893,-0.0761806,0.996005,0,52.7397,53.1224,-76.157,1
-0.177332,-0.980607,-0.083453,0,0.983036,-0.180528,0.032399,0,-0.0468363,-0.0762919,0.995985,0,52.6781,53.0729,-76.1917,1
-0.179107,-0.980265,-0.0836754,0,0.982705,-0.18232,0.0324158,0,-0.0470317,-0.0764223,0.995966,0,52.6472,53.0269,-76.2144,1
-0.180407,-0.98001,-0.0838758,0,0.982463,-0.183628,0.0323642,0,-0.0471191,-0.0765662,0.995951,0,52.6177,52.9626,-76.1924,1
-0.181326,-0.979831,-0.0839766,0,0.982283,-0.184566,0.0325025,0,-0.0473461,-0.0765952,0.995938,0,52.5568,52.9458,-76.263,1
-0.181969,-0.979704,-0.0840684,0,0.982157,-0.185221,0.0325807,0,-0.0474907,-0.0766396,0.995927,0,52.4983,52.9226,-76.2686,1
-0.18323,-0.979454,-0.0842415,0,0.981922,-0.186484,0.0324631,0,-0.0475058,-0.0767703,0.995917,0,52.5025,52.8707,-76.2638,1
-0.183984,-0.979303,-0.0843522,0,0.981778,-0.187243,0.0324367,0,-0.0475596,-0.0768474,0.995908,0,52.4928,52.8456,-76.2513,1
-0.184815,-0.979136,-0.0844795,0,0.981617,-0.188083,0.0324446,0,-0.0476568,-0.0769302,0.995897,0,52.451,52.806,-76.2645,1
-0.18611,-0.978874,-0.0846736,0,0.981366,-0.189389,0.0324317,0,-0.0477828,-0.07706,0.995881,0,52.4254,52.7894,-76.2676,1
-0.187322,-0.97863,-0.0848176,0,0.981133,-0.190606,0.0323638,0,-0.047839,-0.0771549,0.995871,0,52.4467,52.7287,-76.2841,1
-0.18801,-0.978488,-0.0849291,0,0.980995,-0.191307,0.0324322,0,-0.047982,-0.0772174,0.995859,0,52.3924,52.6865,-76.2615,1
-0.188727,-0.978344,-0.0850076,0,0.980851,-0.192033,0.0324787,0,-0.0480995,-0.0772502,0.995851,0,52.3589,52.6779,-76.2562,1
-0.189364,-0.978211,-0.0851164,0,0.980727,-0.192673,0.0324323,0,-0.0481252,-0.0773344,0.995843,0,52.3274,52.6426,-76.2571,1
-0.190003,-0.97808,-0.0851947,0,0.980594,-0.193327,0.0325547,0,-0.0483115,-0.0773559,0.995833,0,52.2954,52.6338,-76.2811,1
-0.190969,-0.97788,-0.0853293,0,0.980405,-0.194296,0.0324745,0,-0.0483353,-0.0774557,0.995824,0,52.3,52.5854,-76.2664,1
-0.191618,-0.977746,-0.085412,0,0.980276,-0.19495,0.032457,0,-0.0483857,-0.077508,0.995817,0,52.2983,52.5823,-76.284,1
-0.192394,-0.977586,-0.0855061,0,0.98012,-0.195733,0.0324695,0,-0.0484781,-0.0775593,0.995809,0,52.2655,52.5729,-76.2507,1
-0.19274,-0.977512,-0.0855686,0,0.98005,-0.196082,0.0324571,0,-0.0485057,-0.0776057,0.995804,0,52.2302,52.5435,-76.2443,1
-0.19317,-0.977424,-0.0856024,0,0.979963,-0.196515,0.032471,0,-0.04856,-0.0776148,0.9958,0,52.2343,52.557,-76.2782,1
-0.193841,-0.977282,-0.0857132,0,0.979829,-0.197191,0.0324315,0,-0.0485965,-0.0776977,0.995792,0,52.2218,52.4966,-76.2583,1
-0.194539,-0.977133,-0.0858297,0,0.979684,-0.1979,0.0324795,0,-0.0487224,-0.0777674,0.99578,0,52.2244,52.4601,-76.2647,1
-0.194869,-0.977065,-0.0858528,0,0.979619,-0.198229,0.0324415,0,-0.048716,-0.0777812,0.99578,0,52.2247,52.4361,-76.2869,1
-0.195156,-0.977001,-0.085922,0,0.979562,-0.198517,0.0324046,0,-0.0487164,-0.077842,0.995775,0,52.2078,52.4375,-76.2701,1
-0.195383,-0.976956,-0.0859293,0,0.979511,-0.198753,0.0325044,0,-0.0488341,-0.0778179,0.995771,0,52.1807,52.4644,-76.2966,1
-0.195633,-0.976904,-0.085943,0,0.979455,-0.199012,0.0325988,0,-0.0489496,-0.0777999,0.995767,0,52.158,52.4516,-76.2896,1
-0.195776,-0.97687,-0.0860034,0,0.979424,-0.19916,0.0326153,0,-0.0489892,-0.0778485,0.995761,0,52.1521,52.4522,-76.3236,1
-0.195854,-0.976858,-0.0859682,0,0.979409,-0.199235,0.0326084,0,-0.0489816,-0.0778116,0.995764,0,52.1383,52.4644,-76.2897,1
-0.196094,-0.976806,-0.0860092,0,0.979359,-0.199479,0.0326219,0,-0.0490222,-0.0778369,0.99576,0,52.1456,52.4562,-76.3015,1
-0.196089,-0.976806,-0.0860266,0,0.979367,-0.199464,0.0324853,0,-0.048891,-0.0778815,0.995763,0,52.151,52.4423,-76.3233,1
-0.196257,-0.97677,-0.0860502,0,0.979337,-0.199627,0.0323908,0,-0.0488163,-0.0779152,0.995764,0,52.1775,52.4509,-76.3027,1
-0.196208,-0.976781,-0.0860323,0,0.979344,-0.199582,0.0324565,0,-0.0488734,-0.077887,0.995764,0,52.1621,52.4417,-76.3266,1
-0.196234,-0.976775,-0.0860454,0,0.979341,-0.199604,0.0324001,0,-0.0488225,-0.0779098,0.995764,0,52.1562,52.4334,-76.299,1
-0.196208,-0.97677,-0.0861574,0,0.979348,-0.199578,0.0323403,0,-0.0487842,-0.0780327,0.995757,0,52.1645,52.4333,-76.3033,1
-0.196185,-0.976773,-0.0861771,0,0.979348,-0.199565,0.0324429,0,-0.0488872,-0.0780325,0.995752,0,52.1423,52.4246,-76.3125,1
-0.196005,-0.976801,-0.0862734,0,0.979384,-0.199387,0.0324245,0,-0.0488741,-0.0781394,0.995744,0,52.1317,52.4425,-76.2807,1
-0.195711,-0.976854,-0.0863327,0,0.979429,-0.19912,0.0327285,0,-0.0491615,-0.0781514,0.995729,0,52.0599,52.4601,-76.3152,1
-0.195484,-0.976894,-0.0863927,0,0.979471,-0.1989,0.0327926,0,-0.0492183,-0.0782088,0.995721,0,52.0411,52.4752,-76.2801,1
-0.195277,-0.976922,-0.0865437,0,0.979509,-0.198704,0.0328429,0,-0.0492815,-0.0783569,0.995707,0,52.0528,52.4664,-76.2798,1
-0.194608,-0.977038,-0.0867503,0,0.97963,-0.198063,0.033101,0,-0.0495229,-0.0785414,0.99568,0,52.0352,52.4819,-76.2463,1
-0.194167,-0.97711,-0.0869203,0,0.979719,-0.197628,0.0330821,0,-0.0495028,-0.078734,0.995666,0,52.063,52.4936,-76.2182,1
-0.193588,-0.977212,-0.0870697,0,0.979829,-0.197064,0.0331891,0,-0.0495911,-0.0788883,0.995649,0,52.0655,52.4749,-76.2525,1
-0.193174,-0.977276,-0.0872726,0,0.97991,-0.196659,0.0332038,0,-0.0496122,-0.0791052,0.995631,0,52.1095,52.4713,-76.26,1
-0.192679,-0.977349,-0.0875419,0,0.980006,-0.196177,0.0331985,0,-0.0496202,-0.079395,0.995608,0,52.1195,52.4371,-76.2455,1
-0.192046,-0.977448,-0.0878264,0,0.98012,-0.195574,0.0334207,0,-0.0498435,-0.0796621,0.995575,0,52.0971,52.3934,-76.2632,1
-0.191421,-0.977545,-0.0881198,0,0.980237,-0.194969,0.0335169,0,-0.0499449,-0.0799624,0.995546,0,52.0967,52.3686,-76.279,1
-0.190817,-0.977634,-0.0884289,0,0.980349,-0.194387,0.0336048,0,-0.0500426,-0.0802788,0.995516,0,52.0981,52.3216,-76.2378,1
-0.190032,-0.977763,-0.0886999,0,0.980484,-0.193643,0.0339664,0,-0.0503872,-0.0805141,0.995479,0,52.0478,52.3203,-76.2285,1
-0.188935,-0.977956,-0.0889189,0,0.980694,-0.19256,0.0340528,0,-0.0504244,-0.0807684,0.995457,0,52.0149,52.3072,-76.2004,1
-0.1882,-0.978064,-0.0892899,0,0.98083,-0.19185,0.0341515,0,-0.0505325,-0.0811509,0.99542,0,52.0236,52.2683,-76.1986,1
-0.187402,-0.978177,-0.0897278,0,0.980982,-0.191071,0.0341433,0,-0.0505425,-0.0816228,0.995381,0,52.0291,52.246,-76.1837,1
-0.186518,-0.978313,-0.0900871,0,0.981141,-0.190219,0.0343348,0,-0.0507264,-0.081984,0.995342,0,52.0234,52.2348,-76.1711,1
-0.185482,-0.978478,-0.0904266,0,0.981328,-0.189215,0.0345518,0,-0.0509183,-0.0823294,0.995304,0,51.9907,52.2251,-76.1226,1
-0.184244,-0.978679,-0.0907842,0,0.981562,-0.187993,0.0345629,0,-0.0508927,-0.0827423,0.995271,0,51.9985,52.2113,-76.0799,1
-0.182879,-0.978875,-0.0914268,0,0.981805,-0.186677,0.0348035,0,-0.0511355,-0.0833984,0.995204,0,52.0121,52.1542,-76.058,1
-0.181843,-0.979017,-0.0919689,0,0.981995,-0.185669,0.0348395,0,-0.0511842,-0.0839777,0.995152,0,52.0169,52.1024,-76,1
-0.180413,-0.979252,-0.0922846,0,0.982234,-0.184297,0.0353842,0,-0.0516578,-0.0842612,0.995104,0,51.9419,52.1027,-75.9909,1
-0.179219,-0.979426,-0.0927673,0,0.982451,-0.183128,0.0354307,0,-0.05169,-0.0847895,0.995057,0,51.959,52.0563,-75.97,1
-0.178087,-0.979581,-0.0933074,0,0.982648,-0.182035,0.035593,0,-0.0518514,-0.0853496,0.995001,0,51.9594,52.0123,-75.9687,1
-0.176591,-0.979811,-0.0937305,0,0.982895,-0.180598,0.0360813,0,-0.0522804,-0.0857556,0.994944,0,51.8999,52.0083,-75.9888,1
-0.175025,-0.98005,-0.0941694,0,0.983163,-0.179076,0.0363729,0,-0.0525107,-0.0862177,0.994892,0,51.8281,51.9694,-75.9659,1
-0.173042,-0.980329,-0.0949345,0,0.983493,-0.177164,0.0368014,0,-0.0528965,-0.0869992,0.994803,0,51.8075,51.8854,-75.9852,1
-0.171393,-0.980569,-0.095442,0,0.983765,-0.17557,0.0371748,0,-0.0532092,-0.087521,0.994741,0,51.766,51.898,-75.9291,1
-0.170072,-0.980744,-0.0960033,0,0.983985,-0.174291,0.0373611,0,-0.0533742,-0.0881118,0.99468,0,51.779,51.845,-75.8877,1
-0.168416,-0.980973,-0.0965859,0,0.984265,-0.172674,0.0374985,0,-0.0534628,-0.0887508,0.994618,0,51.7748,51.8019,-75.8188,1
-0.166917,-0.981193,-0.0969559,0,0.984509,-0.171214,0.0377788,0,-0.0536685,-0.089148,0.994572,0,51.7189,51.8091,-75.7705,1
-0.165475,-0.981377,-0.0975611,0,0.984743,-0.169818,0.0379818,0,-0.0538422,-0.0897876,0.994505,0,51.7115,51.7514,-75.732,1
-0.164314,-0.981528,-0.0979976,0,0.984922,-0.168706,0.0383042,0,-0.0541295,-0.090226,0.994449,0,51.7042,51.7319,-75.7373,1
-0.161667,-0.981868,-0.0989958,0,0.985335,-0.166153,0.0388302,0,-0.0545745,-0.0912665,0.99433,0,51.6236,51.6809,-75.7396,1
-0.159928,-0.982082,-0.099694,0,0.985611,-0.164465,0.0390234,0,-0.0547203,-0.0920186,0.994253,0,51.6304,51.6208,-75.7259,1
-0.15792,-0.982337,-0.100382,0,0.985918,-0.162523,0.0394068,0,-0.0550251,-0.0927449,0.994168,0,51.6074,51.6046,-75.7303,1
-0.156212,-0.982534,-0.101117,0,0.986191,-0.160852,0.0394341,0,-0.0550102,-0.0935608,0.994093,0,51.6668,51.5169,-75.6761,1
-0.154069,-0.982804,-0.101786,0,0.986509,-0.158779,0.0398673,0,-0.0553431,-0.0942703,0.994007,0,51.6054,51.5012,-75.6354,1
-0.152243,-0.983015,-0.102493,0,0.986775,-0.157021,0.0402446,0,-0.0556545,-0.0950103,0.99392,0,51.5936,51.4468,-75.6401,1
-0.15,-0.98329,-0.10316,0,0.987101,-0.154848,0.0406646,0,-0.0559592,-0.0957298,0.993833,0,51.5138,51.4356,-75.6074,1
-0.147981,-0.983529,-0.103792,0,0.987397,-0.152883,0.0409319,0,-0.0561257,-0.0964266,0.993757,0,51.5262,51.3954,-75.6145,1
-0.144755,-0.983909,-0.104735,0,0.987846,-0.149763,0.0416031,0,-0.056619,-0.0974394,0.99363,0,51.4804,51.3585,-75.5418,1
-0.142779,-0.984122,-0.105442,0,0.988119,-0.147854,0.0419513,0,-0.0568753,-0.0981999,0.99354,0,51.5156,51.3054,-75.4922,1
-0.14025,-0.984419,-0.106064,0,0.988461,-0.145402,0.0424746,0,-0.0572348,-0.0988831,0.993452,0,51.4456,51.2866,-75.4605,1
-0.138212,-0.984621,-0.106859,0,0.988725,-0.143451,0.0429625,0,-0.0576308,-0.0997165,0.993346,0,51.4244,51.2235,-75.4727,1
-0.135864,-0.984875,-0.107534,0,0.989025,-0.14119,0.0435335,0,-0.0580577,-0.100439,0.993248,0,51.3662,51.186,-75.4536,1
-0.133516,-0.985093,-0.108473,0,0.989336,-0.138913,0.0437916,0,-0.058207,-0.101469,0.993135,0,51.3429,51.0962,-75.4263,1
-0.131067,-0.985327,-0.109327,0,0.989665,-0.136515,0.0438947,0,-0.0581754,-0.102444,0.993036,0,51.3712,51.0283,-75.3905,1
-0.127258,-0.985687,-0.110573,0,0.990149,-0.132808,0.0443414,0,-0.0583917,-0.103841,0.992878,0,51.3319,50.9303,-75.3053,1
-0.12465,-0.98592,-0.111465,0,0.990473,-0.130273,0.0446455,0,-0.0585378,-0.104838,0.992765,0,51.3063,50.8695,-75.2884,1
-0.122506,-0.986126,-0.112021,0,0.990728,-0.128189,0.0449974,0,-0.058733,-0.10547,0.992687,0,51.27,50.8142,-75.2965,1
-0.119848,-0.986371,-0.112738,0,0.991029,-0.125626,0.0456039,0,-0.0591451,-0.106261,0.992578,0,51.219,50.8009,-75.2777,1
-0.117782,-0.986558,-0.113274,0,0.991255,-0.123638,0.0461207,0,-0.0595057,-0.106851,0.992493,0,51.1574,50.7137,-75.3056,1
-0.114858,-0.986826,-0.11394,0,0.991567,-0.120822,0.0468766,0,-0.0600256,-0.107595,0.992381,0,51.0727,50.7224,-75.2549,1
-0.112265,-0.987034,-0.114719,0,0.991858,-0.118295,0.0471627,0,-0.0601219,-0.10849,0.992278,0,51.1021,50.6432,-75.1666,1
-0.108222,-0.987343,-0.115941,0,0.992281,-0.114387,0.0478899,0,-0.0605459,-0.109864,0.992101,0,51.0658,50.5822,-75.1165,1
-0.105139,-0.987572,-0.116823,0,0.992611,-0.111373,0.0481677,0,-0.06058,-0.110896,0.991984,0,51.0567,50.509,-75.1301,1
-0.102489,-0.987736,-0.11779,0,0.992876,-0.108813,0.0485532,0,-0.0607748,-0.111974,0.991851,0,51.0952,50.4296,-75.1121,1
-0.0994781,-0.987933,-0.118709,0,0.993176,-0.105882,0.048896,0,-0.0608751,-0.113035,0.991725,0,51.0783,50.3572,-75.1013,1
-0.096346,-0.988141,-0.119563,0,0.993475,-0.102833,0.0493163,0,-0.0610264,-0.114031,0.991601,0,51.0522,50.3363,-75.11,1
-0.0931238,-0.98836,-0.120304,0,0.993761,-0.0997139,0.0499592,0,-0.0613736,-0.114901,0.991479,0,50.9593,50.3007,-75.0663,1
-0.0902666,-0.98852,-0.121163,0,0.994016,-0.0969398,0.0503487,0,-0.0615162,-0.115893,0.991355,0,50.9855,50.2421,-74.9842,1
-0.0868119,-0.988744,-0.12186,0,0.994302,-0.0935894,0.0510313,0,-0.0618617,-0.116736,0.991235,0,50.9233,50.1973,-74.9746,1
-0.082115,-0.989001,-0.123022,0,0.994666,-0.0890595,0.0520457,0,-0.0624295,-0.118092,0.991038,0,50.853,50.1156,-74.996,1
-0.0788311,-0.989167,-0.123832,0,0.994923,-0.0858622,0.0524999,0,-0.0625636,-0.119064,0.990914,0,50.8542,50.0994,-74.9677,1
-0.0753958,-0.989328,-0.124682,0,0.995178,-0.0825238,0.0530217,0,-0.0627451,-0.120083,0.990779,0,50.7954,50.0037,-74.9265,1
-0.0721289,-0.989436,-0.125758,0,0.995423,-0.0793377,0.0532829,0,-0.0626972,-0.121339,0.990629,0,50.7953,49.8976,-74.8837,1
-0.0684807,-0.989585,-0.126621,0,0.995681,-0.0757678,0.0536535,0,-0.0626884,-0.1224,0.990499,0,50.7602,49.8301,-74.9413,1
-0.0649201,-0.989709,-0.127525,0,0.995917,-0.0722942,0.0540681,0,-0.062731,-0.123495,0.990361,0,50.7491,49.7621,-74.922,1
