0.718728,0.673115,-0.174199,0,-0.693296,0.712774,-0.10627,0,0.0526324,0.197151,0.978959,0,56.2562,38.7992,-67.9365,1
0.719011,0.672967,-0.173607,0,-0.693011,0.713105,-0.10591,0,0.0525258,0.196462,0.979104,0,56.2583,38.7909,-68.015,1
0.719239,0.672863,-0.173063,0,-0.692787,0.713359,-0.105661,0,0.0523605,0.195891,0.979227,0,56.2373,38.754,-68.0975,1
0.719529,0.6727,-0.17249,0,-0.692494,0.713692,-0.105337,0,0.0522448,0.195242,0.979363,0,56.2493,38.7507,-68.1787,1
0.719896,0.672459,-0.171897,0,-0.692117,0.714117,-0.104934,0,0.0521905,0.194515,0.97951,0,56.2577,38.7372,-68.2354,1
0.720365,0.672174,-0.171048,0,-0.691645,0.714634,-0.104524,0,0.0519785,0.1936,0.979703,0,56.2527,38.7348,-68.3614,1
0.720596,0.672052,-0.17055,0,-0.691412,0.7149,-0.104245,0,0.0518683,0.193039,0.979819,0,56.2493,38.7133,-68.4383,1
0.720825,0.671919,-0.170105,0,-0.691169,0.715202,-0.103782,0,0.051927,0.19238,0.979946,0,56.2905,38.6912,-68.4649,1
0.721079,0.671798,-0.169506,0,-0.690911,0.715509,-0.103382,0,0.0518314,0.19166,0.980092,0,56.2927,38.659,-68.5375,1
0.721262,0.671727,-0.169012,0,-0.690735,0.715708,-0.103189,0,0.0516486,0.191169,0.980197,0,56.2744,38.6294,-68.6297,1
0.721514,0.671593,-0.168467,0,-0.690484,0.715983,-0.102956,0,0.0514743,0.190608,0.980316,0,56.2642,38.6264,-68.7133,1
0.721702,0.671506,-0.168007,0,-0.690293,0.716213,-0.102637,0,0.0514073,0.190048,0.980428,0,56.2648,38.5868,-68.7694,1
0.722011,0.671362,-0.16725,0,-0.689982,0.716577,-0.102189,0,0.051242,0.189181,0.980604,0,56.2807,38.5536,-68.8568,1
0.722285,0.671214,-0.166663,0,-0.689709,0.716874,-0.101945,0,0.0510495,0.188582,0.98073,0,56.2765,38.5463,-68.9544,1
0.722475,0.671128,-0.166183,0,-0.68952,0.717091,-0.1017,0,0.0509149,0.188062,0.980837,0,56.2467,38.5154,-69.0171,1
0.722726,0.670986,-0.165662,0,-0.689271,0.717355,-0.101524,0,0.0507173,0.18756,0.980943,0,56.2366,38.5089,-69.1357,1
0.723012,0.670795,-0.165191,0,-0.688979,0.717669,-0.101287,0,0.0506097,0.187045,0.981047,0,56.2595,38.5205,-69.1926,1
0.723181,0.670694,-0.16486,0,-0.688807,0.717861,-0.1011,0,0.0505396,0.186671,0.981122,0,56.2468,38.5124,-69.2317,1
0.72338,0.670621,-0.164284,0,-0.688609,0.718096,-0.100773,0,0.0503911,0.186025,0.981252,0,56.2432,38.461,-69.3107,1
0.723715,0.670397,-0.163724,0,-0.688275,0.718434,-0.100649,0,0.0501504,0.185528,0.981358,0,56.2139,38.4747,-69.4283,1
0.724019,0.670162,-0.163336,0,-0.687958,0.718768,-0.100429,0,0.0500969,0.185081,0.981445,0,56.2314,38.4911,-69.4847,1
0.724212,0.670088,-0.162784,0,-0.687764,0.719,-0.100096,0,0.049969,0.184448,0.981571,0,56.2164,38.4511,-69.5412,1
0.724389,0.669997,-0.16237,0,-0.687589,0.71919,-0.099936,0,0.0498182,0.184037,0.981656,0,56.2127,38.4261,-69.6284,1
0.724613,0.669856,-0.161953,0,-0.687362,0.719432,-0.099756,0,0.0496917,0.183605,0.981743,0,56.2179,38.4302,-69.6903,1
0.724789,0.669824,-0.161295,0,-0.687199,0.719613,-0.0995718,0,0.049374,0.18301,0.98187,0,56.1552,38.3936,-69.7891,1
0.72503,0.669676,-0.160825,0,-0.686952,0.719885,-0.0993099,0,0.0492701,0.182482,0.981974,0,56.1826,38.4075,-69.8399,1
0.725194,0.669582,-0.160482,0,-0.686782,0.720083,-0.0990466,0,0.0492408,0.182044,0.982057,0,56.1964,38.3707,-69.8715,1
0.725451,0.669472,-0.159776,0,-0.686531,0.720357,-0.0987946,0,0.0489557,0.181362,0.982197,0,56.1587,38.347,-70.0065,1
0.725657,0.669347,-0.159366,0,-0.686318,0.720598,-0.0985244,0,0.0488914,0.18087,0.982291,0,56.1579,38.328,-70.0482,1
0.725879,0.669201,-0.158964,0,-0.686087,0.72085,-0.0982813,0,0.0488196,0.180404,0.98238,0,56.1774,38.3263,-70.1,1
0.726038,0.669123,-0.158565,0,-0.68593,0.721019,-0.0981369,0,0.0486628,0.180016,0.982459,0,56.1575,38.2992,-70.1757,1
0.726269,0.668965,-0.158177,0,-0.685692,0.721275,-0.097923,0,0.0485821,0.179579,0.982543,0,56.161,38.3043,-70.2249,1
0.726411,0.668913,-0.157742,0,-0.685551,0.721437,-0.0977123,0,0.0484396,0.179119,0.982634,0,56.1473,38.2818,-70.2887,1
0.726598,0.668799,-0.157364,0,-0.685358,0.721652,-0.0974812,0,0.0483664,0.17868,0.982718,0,56.1686,38.2845,-70.3399,1
0.726892,0.668622,-0.156756,0,-0.68506,0.721971,-0.0972136,0,0.048174,0.178051,0.982841,0,56.1431,38.2668,-70.4485,1
0.726965,0.668622,-0.156418,0,-0.68499,0.72206,-0.0970414,0,0.0480595,0.177691,0.982912,0,56.1257,38.2345,-70.4938,1
0.72722,0.668446,-0.155983,0,-0.684723,0.722353,-0.0967465,0,0.0480052,0.177161,0.98301,0,56.1492,38.2312,-70.5361,1
0.727439,0.668284,-0.155656,0,-0.684498,0.722585,-0.0966095,0,0.0479119,0.176823,0.983076,0,56.143,38.2444,-70.5877,1
0.727632,0.668158,-0.155297,0,-0.684297,0.722804,-0.0963907,0,0.0478451,0.176406,0.983154,0,56.135,38.2135,-70.6353,1
0.727703,0.668142,-0.155029,0,-0.684227,0.72289,-0.0962442,0,0.0477642,0.176112,0.983211,0,56.1316,38.2015,-70.6707,1
0.727882,0.668032,-0.154667,0,-0.684043,0.723091,-0.0960417,0,0.0476794,0.175706,0.983287,0,56.1324,38.1894,-70.7196,1
0.728105,0.667847,-0.154417,0,-0.683809,0.723329,-0.0959199,0,0.0476344,0.175431,0.983339,0,56.1544,38.2061,-70.7725,1
0.728326,0.667747,-0.1538,0,-0.683588,0.723574,-0.0956481,0,0.0474165,0.174799,0.983462,0,56.1234,38.1805,-70.8697,1
0.728443,0.667703,-0.153439,0,-0.683472,0.723705,-0.0954821,0,0.0472908,0.174424,0.983534,0,56.1027,38.1591,-70.921,1
0.728543,0.667663,-0.153138,0,-0.683372,0.723819,-0.0953333,0,0.0471934,0.174104,0.983596,0,56.1225,38.1422,-70.9719,1
0.72872,0.667529,-0.152882,0,-0.683184,0.724023,-0.0951297,0,0.0471885,0.17377,0.983655,0,56.1365,38.1506,-71.0091,1
0.728831,0.667498,-0.152485,0,-0.683075,0.724153,-0.0949287,0,0.0470577,0.173346,0.983736,0,56.1291,38.1293,-71.0526,1
0.728934,0.667457,-0.15217,0,-0.682968,0.724284,-0.0946963,0,0.0470089,0.172955,0.983807,0,56.1151,38.0858,-71.0766,1
0.729123,0.667323,-0.151855,0,-0.682776,0.724475,-0.0946238,0,0.0468708,0.172676,0.983863,0,56.1167,38.1021,-71.1455,1
0.729296,0.66723,-0.151433,0,-0.682597,0.72468,-0.0943434,0,0.0467918,0.172172,0.983955,0,56.1202,38.0652,-71.1923,1
0.729366,0.66722,-0.151135,0,-0.68253,0.724757,-0.0942309,0,0.0466637,0.171883,0.984011,0,56.1085,38.058,-71.2478,1
0.729611,0.667022,-0.150831,0,-0.682278,0.725001,-0.0941799,0,0.0465327,0.171623,0.984063,0,56.1028,38.0858,-71.3175,1
0.729698,0.666998,-0.150511,0,-0.682188,0.725116,-0.0939452,0,0.0464766,0.171228,0.984134,0,56.0849,38.057,-71.3407,1
0.729833,0.666917,-0.15022,0,-0.682047,0.725273,-0.0937563,0,0.046423,0.170884,0.984197,0,56.1043,38.047,-71.3792,1
0.729971,0.666831,-0.149933,0,-0.681901,0.725443,-0.0935066,0,0.0464147,0.170496,0.984264,0,56.1144,38.0404,-71.3918,1
0.730139,0.666707,-0.14966,0,-0.68173,0.725608,-0.0934762,0,0.0462735,0.170278,0.984309,0,56.1151,38.0435,-71.4547,1
0.730158,0.666736,-0.149436,0,-0.681711,0.725651,-0.0932792,0,0.0462457,0.169981,0.984362,0,56.1082,38.0151,-71.4862,1
0.730321,0.666632,-0.149107,0,-0.681545,0.725822,-0.0931586,0,0.0461226,0.169659,0.984423,0,56.0999,38.0067,-71.5327,1
0.730395,0.666591,-0.148928,0,-0.681468,0.72591,-0.0930367,0,0.0460907,0.169443,0.984462,0,56.1036,37.9962,-71.5611,1
0.730522,0.666501,-0.148709,0,-0.681339,0.726038,-0.0929838,0,0.0459945,0.169248,0.9845,0,56.0966,38.0011,-71.6097,1
0.730715,0.666348,-0.148447,0,-0.681137,0.72624,-0.0928828,0,0.0459161,0.168984,0.984549,0,56.0872,38.0125,-71.6566,1
0.730731,0.666391,-0.148175,0,-0.681123,0.726283,-0.0926549,0,0.0458728,0.168631,0.984611,0,56.1072,37.9648,-71.6758,1
0.730935,0.666228,-0.147897,0,-0.68091,0.726494,-0.0925671,0,0.0457752,0.168365,0.984661,0,56.0816,37.9836,-71.7277,1
0.731002,0.666212,-0.147643,0,-0.680843,0.726577,-0.0924054,0,0.0457128,0.16807,0.984715,0,56.1037,37.9739,-71.7508,1
0.731135,0.666112,-0.147429,0,-0.680701,0.726729,-0.0922561,0,0.045688,0.167807,0.984761,0,56.0872,37.9485,-71.7866,1
0.731234,0.666057,-0.14719,0,-0.680599,0.726841,-0.0921231,0,0.0456245,0.167541,0.984809,0,56.1054,37.9534,-71.8185,1
0.731404,0.665921,-0.14696,0,-0.680424,0.727008,-0.0921038,0,0.0455075,0.167361,0.984845,0,56.0839,37.9766,-71.8735,1
0.731458,0.665914,-0.146723,0,-0.680373,0.727066,-0.0920198,0,0.0453999,0.167135,0.984888,0,56.0777,37.9603,-71.9284,1
0.731615,0.665787,-0.146514,0,-0.680205,0.727241,-0.091878,0,0.0453799,0.166879,0.984932,0,56.079,37.9577,-71.9382,1
0.731605,0.665826,-0.146386,0,-0.680215,0.727254,-0.0917023,0,0.0454023,0.166664,0.984968,0,56.1002,37.9247,-71.9364,1
0.731735,0.665733,-0.146161,0,-0.680084,0.727378,-0.0916893,0,0.0452739,0.166494,0.985002,0,56.086,37.934,-71.9961,1
0.731889,0.665613,-0.145939,0,-0.679917,0.727559,-0.0914881,0,0.0452835,0.166186,0.985054,0,56.101,37.9381,-72.0128,1
0.731954,0.665585,-0.145739,0,-0.679853,0.72763,-0.091409,0,0.0452035,0.165988,0.985091,0,56.0915,37.9261,-72.0349,1
0.731976,0.665603,-0.145544,0,-0.679834,0.72766,-0.0913065,0,0.0451328,0.16578,0.985129,0,56.0907,37.9022,-72.0665,1
0.731978,0.665635,-0.145389,0,-0.679836,0.727668,-0.0912272,0,0.0450708,0.165617,0.98516,0,56.0621,37.8758,-72.0772,1
0.732106,0.665536,-0.145196,0,-0.679698,0.727818,-0.0910585,0,0.0450737,0.165354,0.985204,0,56.0837,37.8812,-72.0951,1
0.732136,0.66553,-0.145071,0,-0.679668,0.727854,-0.0909932,0,0.0450317,0.16522,0.985228,0,56.0797,37.8704,-72.1169,1
0.73223,0.665472,-0.144869,0,-0.679575,0.727943,-0.0909753,0,0.044915,0.165064,0.98526,0,56.0613,37.8734,-72.1747,1
0.732292,0.665414,-0.144819,0,-0.679504,0.728024,-0.0908577,0,0.0449738,0.16494,0.985278,0,56.0886,37.8715,-72.1535,1
0.732391,0.665361,-0.144564,0,-0.679406,0.728123,-0.0908001,0,0.0448454,0.164719,0.985321,0,56.0688,37.8638,-72.2002,1
0.732418,0.665341,-0.144517,0,-0.679377,0.728157,-0.0907507,0,0.0448511,0.164649,0.985332,0,56.0808,37.852,-72.2188,1
0.732457,0.665337,-0.144337,0,-0.67934,0.728197,-0.0906951,0,0.0447632,0.164484,0.985363,0,56.074,37.8498,-72.2415,1
0.732565,0.665253,-0.144179,0,-0.679228,0.728309,-0.0906392,0,0.0447088,0.164329,0.985392,0,56.0657,37.8556,-72.27,1
0.732526,0.665305,-0.144138,0,-0.679269,0.72828,-0.0905665,0,0.0447183,0.164251,0.985404,0,56.0624,37.8254,-72.2667,1
0.732571,0.665278,-0.14403,0,-0.679223,0.728326,-0.0905376,0,0.0446681,0.164154,0.985423,0,56.0691,37.8372,-72.2984,1
0.732676,0.665195,-0.143882,0,-0.679112,0.728439,-0.0904605,0,0.0446356,0.16399,0.985451,0,56.0711,37.8344,-72.3137,1
0.732688,0.665202,-0.143785,0,-0.679097,0.728469,-0.0903296,0,0.0446557,0.163828,0.985478,0,56.0754,37.8184,-72.3087,1
0.732796,0.665109,-0.143663,0,-0.678986,0.728571,-0.0903453,0,0.044579,0.16375,0.985494,0,56.0687,37.8513,-72.3445,1
0.732805,0.665118,-0.143582,0,-0.678979,0.728584,-0.090293,0,0.0445559,0.163656,0.985511,0,56.0644,37.8259,-72.35,1
0.732844,0.665096,-0.143482,0,-0.67894,0.728619,-0.0903024,0,0.044484,0.163593,0.985524,0,56.0614,37.8304,-72.3808,1
0.732885,0.665053,-0.14347,0,-0.678891,0.72868,-0.0901769,0,0.0445711,0.16349,0.985538,0,56.081,37.8324,-72.3553,1
0.732965,0.664997,-0.143322,0,-0.678812,0.728751,-0.0901974,0,0.0444651,0.1634,0.985557,0,56.0638,37.8406,-72.4013,1
0.732952,0.665012,-0.143315,0,-0.678823,0.72875,-0.0901279,0,0.0445046,0.163345,0.985565,0,56.0841,37.8306,-72.3774,1
0.732929,0.665068,-0.143176,0,-0.678852,0.72873,-0.0900655,0,0.0444366,0.163207,0.985591,0,56.0513,37.7954,-72.3923,1
0.732963,0.665024,-0.143208,0,-0.678813,0.728769,-0.0900495,0,0.0444802,0.163214,0.985587,0,56.0722,37.8131,-72.3927,1
0.733108,0.664886,-0.143108,0,-0.678656,0.728925,-0.0899735,0,0.0444931,0.163082,0.985609,0,56.0874,37.8394,-72.3966,1
0.733065,0.664939,-0.143079,0,-0.678709,0.728861,-0.0900887,0,0.0443813,0.16315,0.985603,0,56.0605,37.822,-72.4359,1
0.733103,0.664901,-0.143063,0,-0.67867,0.728891,-0.0901335,0,0.0443477,0.16317,0.985601,0,56.0518,37.8321,-72.4483,1
0.733095,0.664911,-0.143055,0,-0.678674,0.728902,-0.0900148,0,0.0444212,0.163077,0.985613,0,56.0651,37.8243,-72.4193,1
0.733085,0.66494,-0.14297,0,-0.678685,0.728903,-0.0899295,0,0.0444135,0.162958,0.985633,0,56.0782,37.8074,-72.4221,1
0.733072,0.66496,-0.142951,0,-0.678705,0.728872,-0.090023,0,0.0443316,0.163015,0.985627,0,56.0546,37.8072,-72.4467,1
0.733062,0.664965,-0.142973,0,-0.678711,0.728876,-0.0899487,0,0.0443971,0.162975,0.985631,0,56.0588,37.8,-72.4343,1
0.73309,0.664945,-0.142923,0,-0.678685,0.728893,-0.0900088,0,0.0443249,0.162985,0.985632,0,56.053,37.8074,-72.4662,1
0.733086,0.664941,-0.142963,0,-0.678684,0.728904,-0.0899219,0,0.0444132,0.162947,0.985635,0,56.0642,37.8082,-72.4173,1
0.733114,0.664921,-0.142914,0,-0.678659,0.728921,-0.0899819,0,0.0443423,0.162957,0.985636,0,56.054,37.8093,-72.4415,1
0.733068,0.664969,-0.142923,0,-0.678706,0.728884,-0.0899286,0,0.0443744,0.162926,0.98564,0,56.0468,37.795,-72.4356,1
0.733126,0.66492,-0.142855,0,-0.678646,0.72894,-0.0899227,0,0.0443417,0.162873,0.98565,0,56.0624,37.807,-72.4557,1
0.733108,0.664954,-0.142792,0,-0.678667,0.728927,-0.0898743,0,0.0443225,0.162795,0.985664,0,56.0482,37.7917,-72.4629,1
0.733122,0.664937,-0.1428,0,-0.678655,0.728926,-0.0899627,0,0.0442714,0.162866,0.985654,0,56.0355,37.8077,-72.4697,1
0.733126,0.664941,-0.142754,0,-0.678651,0.728934,-0.0899317,0,0.0442592,0.162812,0.985664,0,56.0377,37.8007,-72.4704,1
0.733159,0.664931,-0.142637,0,-0.678616,0.728981,-0.089813,0,0.0442601,0.162643,0.985692,0,56.0553,37.8014,-72.4758,1
0.733171,0.664905,-0.142694,0,-0.678598,0.729003,-0.089774,0,0.044333,0.162651,0.985687,0,56.0733,37.7978,-72.4539,1
0.733183,0.664905,-0.142631,0,-0.678589,0.729007,-0.0898055,0,0.0442668,0.162632,0.985693,0,56.0477,37.8082,-72.4864,1
0.73321,0.664893,-0.142549,0,-0.678558,0.72905,-0.0896915,0,0.0442905,0.162491,0.985716,0,56.0597,37.8067,-72.4706,1
0.733237,0.664871,-0.142513,0,-0.678533,0.729064,-0.0897673,0,0.0442173,0.16252,0.985714,0,56.0732,37.8245,-72.5113,1
0.733245,0.664899,-0.142337,0,-0.678532,0.72907,-0.089731,0,0.0441115,0.162375,0.985743,0,56.0367,37.8054,-72.542,1
0.733275,0.664864,-0.142352,0,-0.678499,0.729101,-0.0897295,0,0.0441313,0.162382,0.985741,0,56.0464,37.8171,-72.5334,1
0.733287,0.664879,-0.142217,0,-0.678487,0.729124,-0.0896244,0,0.0441043,0.162213,0.98577,0,56.0394,37.8101,-72.5556,1
0.733325,0.664845,-0.142179,0,-0.678448,0.729161,-0.0896322,0,0.04408,0.162191,0.985774,0,56.045,37.8144,-72.5668,1
0.733349,0.664846,-0.142054,0,-0.678426,0.729186,-0.0895858,0,0.0440228,0.162071,0.985797,0,56.0445,37.814,-72.5868,1
0.733342,0.664862,-0.142011,0,-0.678432,0.729188,-0.0895245,0,0.0440309,0.161997,0.985808,0,56.0281,37.7999,-72.5912,1
0.73337,0.66486,-0.141879,0,-0.678408,0.729211,-0.0895191,0,0.0439422,0.161903,0.985828,0,56.0193,37.8044,-72.6109,1
0.733445,0.664796,-0.141791,0,-0.678325,0.729304,-0.0893961,0,0.0439788,0.161748,0.985852,0,56.0449,37.8216,-72.6251,1
0.733501,0.664784,-0.141557,0,-0.678277,0.72934,-0.089461,0,0.0437712,0.161635,0.985879,0,56.0127,37.8306,-72.6885,1
0.733505,0.664808,-0.141423,0,-0.678275,0.729355,-0.0893566,0,0.0437425,0.161467,0.985908,0,56.0067,37.8092,-72.7114,1
0.733575,0.66474,-0.141377,0,-0.678195,0.729443,-0.0892449,0,0.0438019,0.161349,0.985925,0,56.0357,37.834,-72.6967,1
0.733638,0.664719,-0.141149,0,-0.678135,0.729504,-0.0892015,0,0.0436745,0.16116,0.985961,0,56.0077,37.823,-72.7389,1
0.733675,0.664709,-0.141005,0,-0.678097,0.729553,-0.0890883,0,0.0436526,0.160977,0.985992,0,56.0227,37.8223,-72.7506,1
0.733734,0.664689,-0.140791,0,-0.678039,0.729614,-0.0890287,0,0.0435465,0.160785,0.986028,0,56.0109,37.826,-72.7863,1
0.733801,0.664635,-0.140701,0,-0.677964,0.729701,-0.088887,0,0.0435921,0.160616,0.986054,0,56.022,37.8345,-72.7907,1
0.733858,0.664628,-0.140437,0,-0.677916,0.729744,-0.0889073,0,0.043393,0.16045,0.98609,0,56.003,37.837,-72.8605,1
0.733885,0.664628,-0.140294,0,-0.677887,0.729787,-0.0887757,0,0.0433819,0.160255,0.986122,0,55.9925,37.82,-72.8659,1
0.733957,0.664585,-0.140122,0,-0.677811,0.729873,-0.0886484,0,0.0433568,0.16004,0.986158,0,56.0043,37.8359,-72.885,1
0.734045,0.664525,-0.139942,0,-0.677716,0.729977,-0.0885122,0,0.0433359,0.159813,0.986196,0,56.0333,37.8461,-72.9014,1
0.733995,0.664622,-0.139744,0,-0.677777,0.729934,-0.0884083,0,0.0432455,0.159606,0.986233,0,56.0034,37.8001,-72.9246,1
0.734082,0.664552,-0.139621,0,-0.67769,0.730006,-0.0884733,0,0.0431294,0.159567,0.986245,0,55.9922,37.8284,-72.9767,1
0.734094,0.664583,-0.139412,0,-0.67768,0.730033,-0.0883232,0,0.0430774,0.159314,0.986287,0,55.9705,37.8002,-72.9923,1
0.73418,0.664527,-0.139224,0,-0.677592,0.730123,-0.0882595,0,0.0429999,0.159135,0.98632,0,55.9929,37.8141,-73.035,1
0.73426,0.664507,-0.138901,0,-0.677511,0.730225,-0.0880417,0,0.0429243,0.158752,0.986385,0,55.9781,37.8081,-73.0675,1
0.734334,0.664474,-0.138663,0,-0.677435,0.730308,-0.0879269,0,0.0428414,0.158503,0.986429,0,55.9841,37.8105,-73.0969,1
0.734377,0.664476,-0.138427,0,-0.677395,0.730358,-0.0878303,0,0.04274,0.15827,0.98647,0,55.96,37.8126,-73.1489,1
0.734427,0.664466,-0.138208,0,-0.677342,0.730429,-0.0876412,0,0.0427167,0.15798,0.986518,0,55.9861,37.8019,-73.1673,1
0.734523,0.664406,-0.137984,0,-0.677247,0.730518,-0.0876346,0,0.0425749,0.157819,0.98655,0,55.9682,37.824,-73.2196,1
0.734559,0.664412,-0.137766,0,-0.677211,0.730571,-0.0874765,0,0.0425273,0.157553,0.986594,0,55.97,37.8055,-73.2324,1
0.734636,0.664378,-0.137518,0,-0.677134,0.730653,-0.0873831,0,0.0424223,0.157313,0.986637,0,55.979,37.8106,-73.2837,1
0.73478,0.664294,-0.137161,0,-0.67699,0.730793,-0.087321,0,0.0422292,0.157018,0.986693,0,55.9561,37.846,-73.37,1
0.734821,0.664328,-0.13677,0,-0.676949,0.730869,-0.0870046,0,0.0421614,0.156519,0.986775,0,55.9445,37.8074,-73.3878,1
0.734917,0.66427,-0.136541,0,-0.676845,0.730994,-0.0867694,0,0.0421722,0.156185,0.986827,0,55.9764,37.804,-73.3875,1
0.734956,0.664285,-0.136255,0,-0.676814,0.731027,-0.086734,0,0.0419897,0.155965,0.98687,0,55.9271,37.7994,-73.4561,1
0.73504,0.664241,-0.136015,0,-0.676729,0.731116,-0.0866492,0,0.0418869,0.155736,0.98691,0,55.9382,37.8064,-73.5115,1
0.735108,0.664219,-0.135756,0,-0.676661,0.731193,-0.086528,0,0.0417901,0.155468,0.986957,0,55.9353,37.8045,-73.553,1
0.735199,0.664167,-0.135514,0,-0.676567,0.731291,-0.0864246,0,0.0416995,0.155223,0.986999,0,55.9245,37.8215,-73.5941,1
0.735328,0.66413,-0.134994,0,-0.676439,0.731439,-0.0861823,0,0.0415036,0.154687,0.987091,0,55.9268,37.813,-73.6854,1
0.735426,0.664081,-0.134703,0,-0.67634,0.731542,-0.086077,0,0.0413788,0.154408,0.98714,0,55.9241,37.8298,-73.7301,1
0.735472,0.664071,-0.134497,0,-0.676295,0.731597,-0.0859771,0,0.0413025,0.154193,0.987177,0,55.8919,37.8231,-73.7571,1
0.735543,0.664046,-0.134235,0,-0.676225,0.731671,-0.0858857,0,0.0411837,0.153946,0.987221,0,55.9014,37.821,-73.8215,1
0.735606,0.66404,-0.133921,0,-0.676162,0.731752,-0.0856948,0,0.041092,0.15359,0.98728,0,55.8997,37.8128,-73.8453,1
0.735705,0.663991,-0.13362,0,-0.676062,0.731856,-0.0855931,0,0.0409574,0.153306,0.987329,0,55.8804,37.8192,-73.9022,1
0.735834,0.663905,-0.133333,0,-0.675925,0.732008,-0.0853792,0,0.040917,0.152948,0.987387,0,55.8979,37.8303,-73.9264,1
0.735918,0.663894,-0.132925,0,-0.675843,0.732106,-0.0851865,0,0.0407604,0.152527,0.987458,0,55.8731,37.8156,-73.9942,1
0.736029,0.663867,-0.132449,0,-0.675731,0.732242,-0.0849069,0,0.0406176,0.151993,0.987547,0,55.8623,37.7968,-74.071,1
0.736139,0.66382,-0.132071,0,-0.675617,0.732371,-0.0846979,0,0.0405006,0.151579,0.987615,0,55.8718,37.8006,-74.1097,1
0.736257,0.663742,-0.131801,0,-0.675495,0.732495,-0.084599,0,0.040392,0.151318,0.98766,0,55.873,37.8311,-74.1724,1
0.736349,0.663718,-0.131413,0,-0.675406,0.732596,-0.0844415,0,0.0402276,0.150936,0.987725,0,55.8492,37.8254,-74.2229,1
0.736443,0.663699,-0.130977,0,-0.675308,0.732723,-0.0841236,0,0.0401369,0.150402,0.98781,0,55.8528,37.8053,-74.2671,1
0.73651,0.663711,-0.130542,0,-0.675248,0.732794,-0.0839851,0,0.0399184,0.150004,0.987879,0,55.8153,37.7914,-74.3494,1
0.736604,0.663656,-0.130287,0,-0.675148,0.732907,-0.0838038,0,0.0398714,0.149693,0.987928,0,55.8351,37.7918,-74.3823,1
0.736798,0.663567,-0.129643,0,-0.674953,0.73311,-0.0835949,0,0.0395719,0.149096,0.988031,0,55.8196,37.8141,-74.4962,1
0.736937,0.663486,-0.129268,0,-0.674812,0.733255,-0.0834667,0,0.0394077,0.148742,0.988091,0,55.7995,37.8394,-74.5671,1
0.73704,0.663434,-0.128949,0,-0.674705,0.733374,-0.0832859,0,0.0393134,0.148388,0.988147,0,55.8167,37.8471,-74.6197,1
0.737136,0.663425,-0.128443,0,-0.674613,0.73348,-0.0830903,0,0.0390865,0.147899,0.98823,0,55.7969,37.8329,-74.7066,1
0.73724,0.663401,-0.127973,0,-0.674505,0.733619,-0.0827383,0,0.0389947,0.147316,0.98832,0,55.7919,37.8174,-74.7459,1
0.737342,0.663366,-0.127563,0,-0.674404,0.733727,-0.082606,0,0.0387986,0.146938,0.988384,0,55.7582,37.8122,-74.827,1
0.737437,0.663341,-0.127147,0,-0.674308,0.733845,-0.0823427,0,0.0386851,0.146459,0.98846,0,55.762,37.8092,-74.8861,1
0.737634,0.663223,-0.126612,0,-0.674106,0.734047,-0.0821945,0,0.038426,0.14598,0.988541,0,55.7504,37.838,-74.9829,1
0.737657,0.663251,-0.126333,0,-0.674084,0.734092,-0.0819755,0,0.03837,0.145629,0.988595,0,55.7477,37.8096,-75.0062,1
0.73782,0.663146,-0.125936,0,-0.673915,0.734264,-0.0818223,0,0.0382098,0.14524,0.988658,0,55.747,37.8273,-75.0779,1
0.737926,0.663127,-0.125406,0,-0.673808,0.734395,-0.0815209,0,0.0380387,0.144656,0.988751,0,55.7341,37.8059,-75.1571,1
0.737991,0.663138,-0.124966,0,-0.673745,0.734483,-0.0812519,0,0.0379045,0.144159,0.988828,0,55.74,37.785,-75.2031,1
0.738117,0.663076,-0.124557,0,-0.673618,0.734614,-0.0811194,0,0.0377129,0.143779,0.988891,0,55.7161,37.7927,-75.2769,1
0.738253,0.66301,-0.124096,0,-0.673479,0.734762,-0.0809364,0,0.0375193,0.143328,0.988964,0,55.7099,37.7994,-75.3696,1
0.738398,0.66295,-0.123552,0,-0.673329,0.734938,-0.0805885,0,0.037377,0.142698,0.98906,0,55.7031,37.7918,-75.4302,1
0.738595,0.662856,-0.122876,0,-0.673127,0.735155,-0.0802958,0,0.0371085,0.142018,0.989168,0,55.6883,37.7916,-75.5399,1
0.738726,0.662798,-0.122403,0,-0.672991,0.735311,-0.0800043,0,0.0369775,0.141477,0.989251,0,55.6857,37.7904,-75.6047,1
0.738855,0.662765,-0.121801,0,-0.672865,0.735448,-0.0798061,0,0.0366858,0.140921,0.989341,0,55.6474,37.7874,-75.713,1
0.738991,0.662691,-0.121378,0,-0.672718,0.73562,-0.079455,0,0.036634,0.14037,0.989421,0,55.6744,37.7954,-75.7465,1
0.739103,0.662653,-0.120906,0,-0.672606,0.735745,-0.0792434,0,0.0364449,0.139891,0.989496,0,55.6668,37.7787,-75.8268,1
0.739243,0.6626,-0.120338,0,-0.672466,0.735894,-0.079049,0,0.0361785,0.13936,0.989581,0,55.6466,37.7871,-75.9335,1
0.739383,0.662533,-0.119845,0,-0.67232,0.73606,-0.0787512,0,0.036038,0.138802,0.989664,0,55.6431,37.7772,-76.0034,1
0.739571,0.662471,-0.119021,0,-0.672127,0.736284,-0.0782936,0,0.0357657,0.137901,0.9898,0,55.6365,37.7647,-76.1017,1
0.739681,0.662443,-0.118496,0,-0.672024,0.736387,-0.0782207,0,0.0354423,0.137491,0.989869,0,55.596,37.7606,-76.2318,1
0.739794,0.662409,-0.117977,0,-0.671905,0.736536,-0.0778364,0,0.0353348,0.136852,0.989961,0,55.6111,37.744,-76.2926,1
0.739951,0.662317,-0.117512,0,-0.671746,0.736691,-0.077744,0,0.035079,0.136465,0.990024,0,55.5876,37.7649,-76.3937,1
0.740069,0.662283,-0.116954,0,-0.671623,0.736843,-0.0773665,0,0.0349383,0.135806,0.990119,0,55.5722,37.7539,-76.4603,1
0.740163,0.662269,-0.116438,0,-0.671532,0.736944,-0.0771919,0,0.034686,0.135326,0.990194,0,55.5474,37.7421,-76.5583,1
0.740279,0.662215,-0.116008,0,-0.67141,0.737084,-0.0769121,0,0.0345754,0.134826,0.990266,0,55.5604,37.7248,-76.615,1
0.74046,0.662158,-0.115179,0,-0.671231,0.737277,-0.0766252,0,0.0341807,0.134049,0.990385,0,55.495,37.734,-76.7539,1
0.740649,0.662032,-0.114687,0,-0.671031,0.737485,-0.0763775,0,0.0340153,0.133527,0.990461,0,55.5205,37.752,-76.841,1
0.740868,0.661892,-0.11408,0,-0.670797,0.737735,-0.0760112,0,0.0338495,0.132839,0.990559,0,55.5507,37.7597,-76.9298,1
0.74097,0.661873,-0.113521,0,-0.670696,0.737851,-0.0757752,0,0.0336079,0.132285,0.990642,0,55.4985,37.7418,-77.009,1
0.741117,0.661799,-0.112991,0,-0.670545,0.738011,-0.0755541,0,0.0333873,0.13176,0.990719,0,55.483,37.7453,-77.104,1
0.741287,0.661694,-0.112495,0,-0.670365,0.738206,-0.0752552,0,0.0332488,0.131199,0.990798,0,55.5217,37.7603,-77.1717,1
0.74138,0.661675,-0.111992,0,-0.670271,0.738317,-0.0749972,0,0.0330618,0.130666,0.990875,0,55.4869,37.7517,-77.2413,1
0.741493,0.66163,-0.111511,0,-0.670153,0.738453,-0.0747152,0,0.0329119,0.13013,0.990951,0,55.5009,37.7441,-77.3054,1
0.741718,0.661533,-0.110585,0,-0.66992,0.738714,-0.0742163,0,0.0325942,0.129131,0.991092,0,55.4807,37.7314,-77.435,1
0.741812,0.661503,-0.110133,0,-0.669827,0.738812,-0.0740899,0,0.032357,0.128731,0.991152,0,55.4561,37.7213,-77.5294,1
0.741977,0.661405,-0.109606,0,-0.669653,0.738998,-0.0738067,0,0.0321825,0.128161,0.991231,0,55.4621,37.7341,-77.6114,1
0.742058,0.661394,-0.10912,0,-0.66957,0.7391,-0.0735349,0,0.0320152,0.127631,0.991305,0,55.4335,37.7225,-77.6826,1
0.742209,0.661296,-0.108691,0,-0.669411,0.739263,-0.0733353,0,0.0318549,0.127189,0.991367,0,55.4447,37.7326,-77.7505,1
0.742346,0.661232,-0.108138,0,-0.669269,0.739418,-0.0730757,0,0.0316392,0.126621,0.991446,0,55.4525,37.7372,-77.8371,1
0.742466,0.661179,-0.107639,0,-0.669147,0.739546,-0.0728999,0,0.0314039,0.126152,0.991514,0,55.4161,37.7255,-77.9304,1
0.742644,0.661079,-0.107022,0,-0.668958,0.739752,-0.072542,0,0.0312135,0.125466,0.991607,0,55.4234,37.7436,-78.0159,1
0.7428,0.660981,-0.106547,0,-0.668795,0.739917,-0.0723595,0,0.0310078,0.125007,0.991671,0,55.4148,37.7628,-78.1066,1
0.742897,0.660943,-0.106106,0,-0.668697,0.740023,-0.0721809,0,0.0308137,0.124576,0.991732,0,55.4028,37.7515,-78.1885,1
0.742989,0.660893,-0.10577,0,-0.668599,0.740128,-0.0720123,0,0.0306905,0.124222,0.99178,0,55.4041,37.755,-78.2327,1
0.743073,0.660862,-0.105375,0,-0.66851,0.740239,-0.0717048,0,0.0306154,0.123726,0.991844,0,55.3989,37.7393,-78.2646,1
0.74317,0.660833,-0.104871,0,-0.668409,0.740357,-0.071415,0,0.0304486,0.12317,0.991918,0,55.3955,37.7295,-78.3333,1
0.7433,0.660757,-0.104428,0,-0.668275,0.740493,-0.0712666,0,0.0302386,0.122759,0.991976,0,55.3798,37.7482,-78.417,1
0.743433,0.660664,-0.104068,0,-0.668132,0.74064,-0.071073,0,0.0301219,0.122369,0.992027,0,55.3862,37.762,-78.4761,1
0.743555,0.66062,-0.103476,0,-0.668006,0.740783,-0.0707721,0,0.0298995,0.121745,0.992111,0,55.3703,37.7473,-78.5619,1
0.743688,0.660533,-0.103072,0,-0.667866,0.740921,-0.0706457,0,0.0297045,0.121377,0.992162,0,55.3557,37.7675,-78.6563,1
0.743763,0.660534,-0.102525,0,-0.667791,0.741022,-0.070296,0,0.0295405,0.120749,0.992243,0,55.3358,37.724,-78.7081,1
0.743892,0.660452,-0.10212,0,-0.667653,0.741166,-0.0700898,0,0.0293972,0.12032,0.9923,0,55.3578,37.7326,-78.7817,1
0.743976,0.660401,-0.101838,0,-0.667562,0.741267,-0.0698819,0,0.029339,0.119974,0.992343,0,55.3587,37.74,-78.7915,1
0.744095,0.660331,-0.101415,0,-0.667439,0.741389,-0.0697686,0,0.0291179,0.119603,0.992395,0,55.3293,37.7625,-78.8954,1
0.74416,0.66033,-0.100949,0,-0.667376,0.741465,-0.0695639,0,0.028915,0.119137,0.992457,0,55.3098,37.7278,-78.9775,1
0.744349,0.660195,-0.10044,0,-0.667175,0.741663,-0.069378,0,0.0286897,0.118652,0.992521,0,55.2974,37.764,-79.0628,1
0.7444,0.660196,-0.100046,0,-0.667121,0.741738,-0.0690892,0,0.0285955,0.118173,0.992581,0,55.3161,37.7283,-79.1024,1
0.744466,0.660176,-0.0996889,0,-0.667051,0.741823,-0.0688526,0,0.0284967,0.117756,0.992634,0,55.313,37.72,-79.1459,1
0.744611,0.660066,-0.0993337,0,-0.666897,0.74197,-0.06876,0,0.0283165,0.117445,0.992676,0,55.2927,37.7481,-79.2285,1
0.744672,0.660054,-0.0989574,0,-0.666835,0.742047,-0.0685366,0,0.0281932,0.117025,0.992729,0,55.2915,37.7359,-79.2788,1
0.744751,0.660022,-0.0985745,0,-0.666753,0.742139,-0.0683363,0,0.0280524,0.116618,0.992781,0,55.2902,37.7189,-79.3321,1
0.744889,0.659917,-0.0982368,0,-0.666607,0.742272,-0.0683095,0,0.0278399,0.116368,0.992816,0,55.271,37.7544,-79.4191,1
0.744946,0.659888,-0.0979949,0,-0.666546,0.742343,-0.0681429,0,0.027779,0.116081,0.992851,0,55.2738,37.754,-79.4452,1
0.745003,0.659903,-0.0974618,0,-0.66649,0.742421,-0.0678384,0,0.0275909,0.115497,0.992924,0,55.2432,37.7199,-79.5187,1
0.745108,0.659816,-0.0972475,0,-0.666376,0.742533,-0.0677293,0,0.0275206,0.115269,0.992953,0,55.2499,37.7321,-79.552,1
0.745166,0.659811,-0.0968384,0,-0.666318,0.742601,-0.0675531,0,0.02734,0.114863,0.993005,0,55.2421,37.712,-79.6212,1
0.745275,0.659736,-0.0965067,0,-0.666203,0.742714,-0.0674531,0,0.0271756,0.114564,0.993044,0,55.2219,37.7402,-79.6971,1
0.745386,0.659641,-0.096295,0,-0.666081,0.742834,-0.0673322,0,0.0271161,0.114329,0.993073,0,55.2521,37.7644,-79.7258,1
0.745415,0.659654,-0.0959881,0,-0.666056,0.742863,-0.0672585,0,0.0269387,0.114069,0.993108,0,55.2167,37.7416,-79.7918,1
0.745522,0.659573,-0.0957097,0,-0.665939,0.742985,-0.0670689,0,0.026874,0.113738,0.993147,0,55.2185,37.763,-79.8141,1
0.745589,0.659575,-0.0951782,0,-0.665873,0.743067,-0.0668142,0,0.0266548,0.113193,0.993215,0,55.1911,37.7356,-79.8962,1
0.745677,0.659506,-0.0949607,0,-0.665777,0.743163,-0.0667042,0,0.0265795,0.112962,0.993244,0,55.2084,37.7482,-79.9415,1
0.745668,0.659547,-0.0947477,0,-0.66579,0.743165,-0.0665508,0,0.0265198,0.112707,0.993274,0,55.2169,37.7114,-79.9641,1
0.745805,0.659433,-0.0944606,0,-0.665642,0.743303,-0.0664948,0,0.0263639,0.112469,0.993305,0,55.207,37.7434,-80.0375,1
0.745871,0.659414,-0.0940761,0,-0.665576,0.743372,-0.0663744,0,0.0261654,0.112122,0.99335,0,55.1742,37.741,-80.1123,1
0.745906,0.659421,-0.093748,0,-0.665539,0.743433,-0.0660724,0,0.0261258,0.111677,0.993401,0,55.1917,37.7104,-80.1302,1
0.745959,0.659399,-0.0934802,0,-0.665484,0.743494,-0.0659419,0,0.0260199,0.111399,0.993435,0,55.1716,37.6966,-80.1615,1
0.746064,0.659317,-0.0932173,0,-0.665368,0.743613,-0.0657693,0,0.0259548,0.111092,0.993471,0,55.2025,37.7114,-80.2013,1
0.74612,0.659289,-0.0929646,0,-0.665311,0.743666,-0.0657351,0,0.0257962,0.110897,0.993497,0,55.1838,37.72,-80.278,1
0.746178,0.659258,-0.0927161,0,-0.66525,0.743734,-0.0655909,0,0.0257148,0.110622,0.99353,0,55.1614,37.7101,-80.31,1
0.746219,0.65924,-0.0925162,0,-0.665207,0.743779,-0.0655162,0,0.0256207,0.110432,0.993553,0,55.1649,37.7151,-80.3379,1
0.746322,0.65916,-0.092257,0,-0.665097,0.743881,-0.065474,0,0.0254704,0.110225,0.99358,0,55.1673,37.7348,-80.3922,1
0.746324,0.659183,-0.0920736,0,-0.665096,0.743899,-0.065287,0,0.0254574,0.109963,0.993609,0,55.1495,37.7099,-80.408,1
0.746403,0.659118,-0.0919049,0,-0.665011,0.743977,-0.0652577,0,0.0253627,0.109826,0.993627,0,55.1563,37.7302,-80.4489,1
0.746416,0.65913,-0.0917089,0,-0.664998,0.744001,-0.0651219,0,0.0253077,0.109594,0.993654,0,55.155,37.7132,-80.4671,1
0.746484,0.659102,-0.0913526,0,-0.664927,0.744077,-0.0649667,0,0.0251537,0.109239,0.993697,0,55.1421,37.7089,-80.526,1
0.74656,0.65905,-0.091113,0,-0.664847,0.744157,-0.0648804,0,0.0250429,0.109013,0.993725,0,55.1359,37.7153,-80.567,1
0.746594,0.659028,-0.0909882,0,-0.664806,0.744211,-0.0646727,0,0.0250933,0.108774,0.99375,0,55.1558,37.7029,-80.5508,1
0.746652,0.658985,-0.0908251,0,-0.664747,0.744261,-0.0647124,0,0.0249531,0.108693,0.993762,0,55.1352,37.7177,-80.6196,1
0.746674,0.658985,-0.0906445,0,-0.664725,0.744288,-0.0646252,0,0.0248786,0.108508,0.993784,0,55.1195,37.7168,-80.6327,1
0.746747,0.658921,-0.0905088,0,-0.664644,0.744367,-0.0645495,0,0.0248387,0.108358,0.993802,0,55.1453,37.7297,-80.6561,1
0.746778,0.658912,-0.0903254,0,-0.664613,0.744401,-0.064474,0,0.0247557,0.108179,0.993823,0,55.1124,37.7255,-80.693,1
0.746845,0.658872,-0.0900532,0,-0.664541,0.744478,-0.0643231,0,0.0246619,0.107883,0.993858,0,55.1239,37.7161,-80.7316,1
0.746903,0.658834,-0.0898585,0,-0.66448,0.744534,-0.0642987,0,0.0245406,0.107734,0.993877,0,55.1026,37.7251,-80.778,1
0.746891,0.658869,-0.0896988,0,-0.664496,0.744528,-0.0642161,0,0.0244732,0.107567,0.993897,0,55.0986,37.7026,-80.7908,1
0.746934,0.658833,-0.0896084,0,-0.664447,0.744582,-0.0640922,0,0.0244947,0.107413,0.993913,0,55.1242,37.7048,-80.8103,1
0.747002,0.658775,-0.0894619,0,-0.664373,0.74465,-0.0640699,0,0.0244101,0.107296,0.993927,0,55.1215,37.722,-80.8384,1
0.747019,0.658773,-0.0893305,0,-0.664355,0.744673,-0.0639834,0,0.0243715,0.107144,0.993945,0,55.1045,37.7182,-80.8514,1
0.747072,0.658732,-0.0891915,0,-0.6643,0.744724,-0.0639683,0,0.0242851,0.107039,0.993958,0,55.107,37.731,-80.8722,1
0.747091,0.658733,-0.0890223,0,-0.66428,0.744751,-0.0638597,0,0.024233,0.106845,0.99398,0,55.0955,37.7113,-80.9139,1
0.747119,0.658712,-0.0889471,0,-0.664249,0.744785,-0.0637829,0,0.0242319,0.106736,0.993992,0,55.1004,37.7152,-80.9241,1
0.747133,0.658706,-0.0888759,0,-0.664234,0.744799,-0.0637747,0,0.0241859,0.106683,0.993999,0,55.1019,37.7254,-80.9363,1
0.747177,0.658678,-0.0887109,0,-0.664187,0.744849,-0.0636857,0,0.0241278,0.106505,0.994019,0,55.0892,37.7206,-80.96,1
0.747153,0.658717,-0.0886225,0,-0.664216,0.744825,-0.06366,0,0.0240744,0.106428,0.994029,0,55.0898,37.7043,-80.9762,1
0.747245,0.658623,-0.0885492,0,-0.664113,0.744921,-0.0636147,0,0.024064,0.106343,0.994038,0,55.1097,37.7278,-80.9895,1
0.747237,0.658651,-0.0884056,0,-0.664127,0.744905,-0.0636609,0,0.0239235,0.106282,0.994048,0,55.0754,37.7178,-81.0386,1
0.747212,0.658684,-0.088369,0,-0.664154,0.744891,-0.0635461,0,0.0239684,0.106173,0.994059,0,55.0904,37.7062,-81.0125,1
0.74725,0.658657,-0.0882525,0,-0.664111,0.744938,-0.0634271,0,0.023966,0.106005,0.994077,0,55.0995,37.7078,-81.007,1
0.747282,0.658622,-0.0882411,0,-0.664074,0.744971,-0.0634301,0,0.0239606,0.105999,0.994078,0,55.0975,37.718,-81.0193,1
0.747286,0.658629,-0.0881533,0,-0.66407,0.744984,-0.0633247,0,0.0239653,0.105862,0.994092,0,55.0981,37.7125,-81.0125,1
0.747283,0.658641,-0.088093,0,-0.664075,0.744982,-0.0632949,0,0.023939,0.1058,0.994099,0,55.0889,37.7034,-81.0297,1
0.74732,0.658602,-0.0880645,0,-0.664035,0.745012,-0.0633615,0,0.0238791,0.105829,0.994098,0,55.0804,37.7219,-81.0528,1
0.747322,0.658602,-0.0880464,0,-0.664033,0.745013,-0.0633747,0,0.0238569,0.105827,0.994098,0,55.0845,37.7188,-81.0633,1
0.747332,0.658607,-0.0879299,0,-0.664024,0.745024,-0.0633358,0,0.0237965,0.10572,0.994111,0,55.0722,37.7108,-81.0764,1
0.747346,0.658591,-0.087931,0,-0.664008,0.745041,-0.063305,0,0.0238202,0.105698,0.994113,0,55.0938,37.7155,-81.0818,1
0.747346,0.65859,-0.0879314,0,-0.664008,0.745041,-0.0633056,0,0.0238201,0.105698,0.994113,0,55.0871,37.7143,-81.074,1
0.74736,0.658586,-0.0878552,0,-0.663993,0.745058,-0.0632589,0,0.0237958,0.105612,0.994123,0,55.0707,37.7177,-81.0823,1
0.747325,0.658621,-0.087882,0,-0.664032,0.745024,-0.0632542,0,0.0238136,0.105628,0.99412,0,55.0818,37.6879,-81.0772,1
0.747335,0.658612,-0.0878639,0,-0.664021,0.745033,-0.0632675,0,0.0237927,0.105625,0.994121,0,55.0723,37.6967,-81.0908,1
0.747386,0.658557,-0.0878509,0,-0.663965,0.745079,-0.0633011,0,0.0237685,0.10564,0.99412,0,55.0744,37.7177,-81.1023,1
0.747341,0.658604,-0.0878732,0,-0.664013,0.745041,-0.0632455,0,0.0238154,0.105615,0.994122,0,55.0784,37.7039,-81.0804,1
0.747328,0.658621,-0.0878543,0,-0.664029,0.745026,-0.0632591,0,0.02379,0.105613,0.994123,0,55.0708,37.6988,-81.083,1
0.747351,0.658598,-0.0878358,0,-0.664003,0.745055,-0.0631919,0,0.0238245,0.10555,0.994129,0,55.0888,37.703,-81.075,1
0.747383,0.658572,-0.0877557,0,-0.663969,0.745084,-0.0632063,0,0.0237595,0.105506,0.994135,0,55.0828,37.7199,-81.1009,1
0.747348,0.65861,-0.0877698,0,-0.664007,0.745053,-0.0631735,0,0.0237865,0.105492,0.994136,0,55.0797,37.7024,-81.078,1
0.747344,0.658621,-0.0877191,0,-0.664012,0.74505,-0.0631531,0,0.0237612,0.105444,0.994141,0,55.0725,37.6895,-81.0954,1
0.747389,0.658569,-0.0877266,0,-0.66396,0.7451,-0.0631117,0,0.0238017,0.105416,0.994143,0,55.0849,37.7088,-81.0872,1
0.747383,0.658586,-0.0876497,0,-0.663966,0.745105,-0.0629849,0,0.0238273,0.10527,0.994158,0,55.1033,37.6812,-81.0675,1
0.747422,0.65855,-0.0875881,0,-0.663924,0.74514,-0.0630176,0,0.0237651,0.105253,0.994161,0,55.0901,37.6971,-81.0899,1
0.747433,0.65855,-0.087503,0,-0.663911,0.745163,-0.0628824,0,0.0237927,0.105095,0.994177,0,55.1052,37.6813,-81.0696,1
0.747409,0.658577,-0.0874999,0,-0.663938,0.745139,-0.0628819,0,0.023787,0.105093,0.994178,0,55.1092,37.6831,-81.0775,1
0.74744,0.658554,-0.0874071,0,-0.663904,0.745172,-0.0628494,0,0.0237436,0.105006,0.994188,0,55.0972,37.6822,-81.0929,1
0.747436,0.658568,-0.0873325,0,-0.663909,0.745174,-0.0627724,0,0.023738,0.104899,0.994199,0,55.0737,37.6716,-81.1022,1
0.747503,0.658509,-0.0872063,0,-0.663837,0.74524,-0.0627556,0,0.0236644,0.104801,0.994212,0,55.0796,37.6957,-81.1218,1
0.74749,0.658529,-0.0871684,0,-0.663852,0.745228,-0.0627325,0,0.0236492,0.104759,0.994216,0,55.0657,37.6814,-81.1263,1
0.747488,0.658547,-0.0870496,0,-0.663855,0.745236,-0.0626124,0,0.0236393,0.10459,0.994235,0,55.0808,37.6641,-81.137,1
0.747532,0.658506,-0.0869835,0,-0.663806,0.745283,-0.0625748,0,0.0236215,0.104517,0.994243,0,55.068,37.6774,-81.1453,1
0.747555,0.658505,-0.0867888,0,-0.663783,0.74531,-0.0624894,0,0.023535,0.104323,0.994265,0,55.0666,37.6729,-81.1605,1
0.747579,0.658481,-0.0867601,0,-0.663755,0.745339,-0.0624445,0,0.0235471,0.10427,0.99427,0,55.0815,37.6827,-81.1703,1
0.747596,0.658483,-0.0866062,0,-0.663737,0.745367,-0.0623025,0,0.0235282,0.104061,0.994293,0,55.0731,37.6618,-81.1732,1
0.747602,0.658492,-0.0864798,0,-0.66373,0.745384,-0.0621742,0,0.0235194,0.103881,0.994312,0,55.0777,37.6495,-81.1717,1
0.747644,0.658457,-0.0863833,0,-0.663686,0.745421,-0.0622032,0,0.0234338,0.103837,0.994318,0,55.075,37.6568,-81.2088,1
0.747688,0.658421,-0.0862839,0,-0.663636,0.745476,-0.0620696,0,0.0234546,0.10367,0.994335,0,55.0911,37.6665,-81.212,1
0.7477,0.658431,-0.0860983,0,-0.663624,0.745497,-0.0619437,0,0.0234003,0.103452,0.994359,0,55.0709,37.6469,-81.2185,1
0.747697,0.658462,-0.0858911,0,-0.663629,0.745506,-0.0617802,0,0.0233524,0.103193,0.994387,0,55.0598,37.6162,-81.2199,1
0.747693,0.65848,-0.085783,0,-0.663633,0.745514,-0.0616389,0,0.0233645,0.103015,0.994405,0,55.0633,37.6001,-81.2195,1
0.74777,0.658417,-0.0855961,0,-0.663549,0.745597,-0.0615437,0,0.0232988,0.102818,0.994427,0,55.0557,37.6177,-81.2478,1
0.747816,0.658381,-0.0854716,0,-0.663497,0.745654,-0.0614147,0,0.0232979,0.102637,0.994446,0,55.083,37.6114,-81.2506,1
0.747811,0.658406,-0.0853282,0,-0.663505,0.745652,-0.0613502,0,0.0232318,0.102494,0.994462,0,55.0767,37.5981,-81.2713,1
0.747854,0.65837,-0.085221,0,-0.663456,0.745708,-0.0612092,0,0.0232516,0.102316,0.99448,0,55.0885,37.6084,-81.2669,1
0.747862,0.658388,-0.0850178,0,-0.66345,0.74572,-0.0611152,0,0.0231619,0.102111,0.994503,0,55.085,37.5922,-81.2898,1
0.747915,0.658362,-0.0847508,0,-0.663391,0.745795,-0.0608422,0,0.0231505,0.101728,0.994543,0,55.0889,37.5839,-81.2894,1
0.747932,0.658371,-0.0845308,0,-0.663375,0.745816,-0.060761,0,0.0230411,0.101521,0.994566,0,55.0743,37.5645,-81.3298,1
0.747951,0.658377,-0.0843122,0,-0.663355,0.745852,-0.060539,0,0.023027,0.101209,0.994599,0,55.0881,37.5446,-81.3352,1
0.747993,0.658352,-0.084137,0,-0.663308,0.745905,-0.0603909,0,0.0229997,0.100981,0.994623,0,55.0787,37.5388,-81.3426,1
0.748033,0.658334,-0.0839241,0,-0.663266,0.745949,-0.0603187,0,0.0228932,0.100784,0.994645,0,55.0701,37.5479,-81.3789,1
0.748087,0.658296,-0.0837414,0,-0.663209,0.746006,-0.0602423,0,0.0228144,0.100605,0.994665,0,55.0506,37.5464,-81.4086,1
0.74811,0.658294,-0.0835453,0,-0.663182,0.74605,-0.0599962,0,0.0228338,0.100289,0.994696,0,55.0809,37.5345,-81.395,1
0.748116,0.658317,-0.0833129,0,-0.663176,0.74607,-0.0598068,0,0.0227854,0.0999936,0.994727,0,55.0765,37.5028,-81.404,1
0.748179,0.658289,-0.0829677,0,-0.66311,0.746146,-0.0595981,0,0.0226732,0.0996067,0.994769,0,55.0582,37.4996,-81.438,1
0.748223,0.658268,-0.0827404,0,-0.663061,0.746205,-0.0593986,0,0.0226411,0.0993054,0.994799,0,55.0653,37.4915,-81.4533,1
0.748287,0.658225,-0.0825072,0,-0.662987,0.746296,-0.0590792,0,0.0226873,0.0989095,0.994838,0,55.1028,37.4724,-81.4363,1
0.748321,0.658215,-0.0822744,0,-0.662953,0.746332,-0.0590015,0,0.0225684,0.0986961,0.994862,0,55.0658,37.4734,-81.4804,1
0.748339,0.658217,-0.0820893,0,-0.662934,0.746362,-0.0588436,0,0.0225365,0.0984547,0.994886,0,55.0711,37.4509,-81.4965,1
0.748387,0.658179,-0.0819662,0,-0.662881,0.746415,-0.0587659,0,0.0225023,0.0983135,0.994901,0,55.0825,37.4585,-81.5071,1
0.74841,0.65819,-0.0816651,0,-0.662855,0.746462,-0.0584594,0,0.0224825,0.0978837,0.994944,0,55.0788,37.4259,-81.507,1
0.748486,0.658142,-0.0813507,0,-0.662773,0.74655,-0.0582652,0,0.0223857,0.0975278,0.994981,0,55.0845,37.4229,-81.541,1
0.748526,0.658129,-0.0810832,0,-0.662729,0.746604,-0.0580722,0,0.022318,0.0972048,0.995014,0,55.0774,37.4117,-81.5595,1
