0.595687,0.21754,-0.773197,0,0.703151,0.324067,0.632898,0,0.388249,-0.920683,0.0400787,0,68.8798,220.391,-39.2291,1
0.595846,0.217367,-0.773123,0,0.703099,0.324023,0.632978,0,0.388098,-0.92074,0.0402372,0,68.8715,220.405,-39.2854,1
0.595843,0.217258,-0.773156,0,0.703202,0.32387,0.632941,0,0.387914,-0.920819,0.0401993,0,68.8632,220.392,-39.2728,1
0.595802,0.217308,-0.773173,0,0.703236,0.323829,0.632925,0,0.387916,-0.920821,0.0401187,0,68.8663,220.376,-39.2397,1
0.595902,0.217091,-0.773157,0,0.703274,0.323723,0.632937,0,0.387694,-0.92091,0.0402325,0,68.8574,220.401,-39.274,1
0.595935,0.216994,-0.77316,0,0.703343,0.323575,0.632936,0,0.387518,-0.920985,0.0402087,0,68.8557,220.398,-39.2562,1
0.595939,0.216946,-0.77317,0,0.703375,0.323529,0.632924,0,0.387453,-0.921012,0.0402091,0,68.8554,220.392,-39.2418,1
0.595952,0.216852,-0.773186,0,0.703478,0.323335,0.632908,0,0.387246,-0.921102,0.0401415,0,68.8773,220.394,-39.2337,1
0.596069,0.216569,-0.773175,0,0.703574,0.323112,0.632916,0,0.386892,-0.921247,0.0402243,0,68.8456,220.368,-39.233,1
0.596121,0.216384,-0.773187,0,0.70368,0.322908,0.632902,0,0.386618,-0.921362,0.0402269,0,68.8587,220.385,-39.2306,1
0.596136,0.216333,-0.77319,0,0.703758,0.322736,0.632903,0,0.386454,-0.921435,0.0401485,0,68.873,220.364,-39.203,1
0.596169,0.216201,-0.773201,0,0.703851,0.322559,0.63289,0,0.386234,-0.921528,0.0401265,0,68.8622,220.335,-39.197,1
0.596256,0.216018,-0.773185,0,0.703887,0.322453,0.632904,0,0.386034,-0.921608,0.040212,0,68.852,220.351,-39.2218,1
0.596273,0.215889,-0.773208,0,0.703992,0.322274,0.632878,0,0.385817,-0.9217,0.0401793,0,68.8775,220.343,-39.2192,1
0.596313,0.215711,-0.773227,0,0.704096,0.322093,0.632855,0,0.385565,-0.921806,0.0401866,0,68.8846,220.349,-39.1896,1
0.596437,0.215384,-0.773222,0,0.704244,0.321763,0.632858,0,0.385101,-0.921997,0.0402285,0,68.857,220.323,-39.2114,1
0.596509,0.215228,-0.77321,0,0.704292,0.321634,0.63287,0,0.384902,-0.922079,0.0402742,0,68.8749,220.333,-39.2328,1
0.596562,0.215121,-0.773199,0,0.704362,0.32145,0.632886,0,0.384692,-0.922168,0.0402419,0,68.8856,220.331,-39.2156,1
0.59661,0.21491,-0.773221,0,0.704489,0.321224,0.632859,0,0.384385,-0.922296,0.0402436,0,68.9092,220.314,-39.2143,1
0.596666,0.214631,-0.773255,0,0.70465,0.320955,0.632816,0,0.384002,-0.922454,0.0402632,0,68.9044,220.307,-39.2056,1
0.596705,0.214411,-0.773286,0,0.70479,0.320724,0.632778,0,0.383686,-0.922586,0.0402629,0,68.9113,220.286,-39.2043,1
0.596835,0.214111,-0.773269,0,0.704879,0.320499,0.632793,0,0.38332,-0.922734,0.0403627,0,68.8931,220.299,-39.2243,1
0.596973,0.213718,-0.773271,0,0.705091,0.320037,0.63279,0,0.382714,-0.922985,0.0403628,0,68.9042,220.28,-39.2284,1
0.59703,0.213539,-0.773276,0,0.705192,0.319827,0.632784,0,0.382438,-0.923099,0.0403602,0,68.9292,220.283,-39.2224,1
0.597136,0.213282,-0.773266,0,0.705277,0.319624,0.632791,0,0.382117,-0.923229,0.0404358,0,68.9025,220.288,-39.2392,1
0.597211,0.213065,-0.773268,0,0.705446,0.319243,0.632795,0,0.381687,-0.923411,0.0403496,0,68.9364,220.275,-39.2068,1
0.597347,0.212643,-0.773279,0,0.705605,0.318935,0.632773,0,0.381181,-0.923614,0.0404724,0,68.9184,220.267,-39.2459,1
0.597395,0.21243,-0.7733,0,0.70576,0.318639,0.63275,0,0.380819,-0.923766,0.0404283,0,68.9138,220.244,-39.2256,1
0.59756,0.21209,-0.773266,0,0.705872,0.318317,0.632787,0,0.380351,-0.923955,0.0405049,0,68.9326,220.266,-39.2525,1
0.597594,0.211807,-0.773317,0,0.706061,0.318021,0.632725,0,0.379947,-0.924121,0.0404988,0,68.9403,220.257,-39.2299,1
0.597793,0.211246,-0.773317,0,0.706332,0.317424,0.632722,0,0.37913,-0.924455,0.040544,0,68.937,220.237,-39.2219,1
0.597959,0.210807,-0.773308,0,0.706523,0.316984,0.632729,0,0.37851,-0.924706,0.040604,0,68.9329,220.243,-39.2629,1
0.598075,0.210445,-0.773317,0,0.706692,0.316638,0.632715,0,0.378013,-0.924908,0.0406533,0,68.9469,220.242,-39.2543,1
0.59823,0.21012,-0.773286,0,0.706787,0.31636,0.632747,0,0.377589,-0.925076,0.0407459,0,68.9412,220.252,-39.271,1
0.598349,0.209818,-0.773276,0,0.706964,0.315934,0.632762,0,0.377069,-0.92529,0.0407049,0,68.9264,220.221,-39.2671,1
0.598426,0.209428,-0.773322,0,0.707191,0.315541,0.632705,0,0.376521,-0.925513,0.040722,0,68.9239,220.213,-39.2665,1
0.59856,0.20911,-0.773304,0,0.707302,0.315258,0.632721,0,0.376099,-0.925681,0.0407967,0,68.9474,220.21,-39.2919,1
0.598708,0.208572,-0.773335,0,0.707575,0.314727,0.632681,0,0.375349,-0.925983,0.0408493,0,68.9216,220.195,-39.2901,1
0.598817,0.208244,-0.773339,0,0.70777,0.314294,0.632678,0,0.374807,-0.926204,0.0408156,0,68.9466,220.18,-39.2654,1
0.598965,0.207778,-0.77335,0,0.707978,0.313861,0.63266,0,0.374177,-0.926455,0.0408899,0,68.9552,220.2,-39.2855,1
0.599071,0.207378,-0.773375,0,0.708185,0.31346,0.632627,0,0.373615,-0.926681,0.0409229,0,68.9415,220.166,-39.2815,1
0.599159,0.207008,-0.773405,0,0.708406,0.313034,0.632591,0,0.373053,-0.926908,0.0409114,0,68.9563,220.177,-39.2595,1
0.599264,0.206655,-0.773419,0,0.70862,0.312578,0.632576,0,0.372479,-0.92714,0.0408766,0,68.9699,220.15,-39.26,1
0.599476,0.206141,-0.773391,0,0.708826,0.312052,0.632605,0,0.371744,-0.927432,0.0409494,0,68.9474,220.134,-39.2443,1
0.599676,0.205508,-0.773405,0,0.709144,0.311368,0.632586,0,0.370815,-0.927802,0.0409851,0,68.9648,220.123,-39.2514,1
0.599862,0.205017,-0.773391,0,0.70933,0.310923,0.632596,0,0.370159,-0.92806,0.0410862,0,68.9552,220.122,-39.2748,1
0.599979,0.204627,-0.773404,0,0.709571,0.310397,0.632584,0,0.369506,-0.928322,0.0410341,0,68.945,220.094,-39.2461,1
0.60011,0.204157,-0.773426,0,0.709817,0.309893,0.632556,0,0.36882,-0.928594,0.0410553,0,68.9652,220.084,-39.2383,1
0.600309,0.203588,-0.773422,0,0.710046,0.309369,0.632555,0,0.368053,-0.928893,0.0411604,0,68.9621,220.074,-39.2765,1
0.600432,0.203227,-0.773421,0,0.710241,0.308919,0.632556,0,0.367476,-0.929123,0.041145,0,68.9415,220.056,-39.252,1
0.600539,0.202712,-0.773474,0,0.710539,0.308366,0.632491,0,0.366726,-0.929418,0.0411515,0,68.9853,220.063,-39.2296,1
0.600755,0.202127,-0.773459,0,0.710764,0.307825,0.632502,0,0.365936,-0.929725,0.0412624,0,68.9753,220.066,-39.2582,1
0.600913,0.201426,-0.773519,0,0.711175,0.307022,0.63243,0,0.364875,-0.930143,0.0412443,0,68.9774,220.017,-39.2388,1
0.601107,0.200846,-0.773519,0,0.711444,0.306403,0.632427,0,0.364029,-0.930472,0.0412904,0,68.9712,220.018,-39.205,1
0.601266,0.200304,-0.773536,0,0.711695,0.305871,0.632402,0,0.363275,-0.930764,0.0413547,0,68.9901,220.013,-39.246,1
0.601469,0.199749,-0.773522,0,0.711934,0.305289,0.632415,0,0.362472,-0.931074,0.0414135,0,68.9847,220.006,-39.2553,1
0.601621,0.199354,-0.773506,0,0.712078,0.304922,0.63243,0,0.361937,-0.931279,0.0414914,0,68.9608,220.001,-39.254,1
0.601764,0.198915,-0.773507,0,0.712284,0.304447,0.632426,0,0.361291,-0.931528,0.0415217,0,68.9619,219.989,-39.2641,1
0.601894,0.198393,-0.77354,0,0.712602,0.303781,0.632389,0,0.360448,-0.931857,0.0414691,0,68.9902,219.979,-39.2197,1
0.602103,0.197597,-0.773581,0,0.713008,0.302938,0.632336,0,0.359295,-0.932301,0.0415118,0,68.9868,219.934,-39.2324,1
0.602307,0.196968,-0.773583,0,0.713273,0.302329,0.632328,0,0.358425,-0.932631,0.0416027,0,68.9787,219.938,-39.2237,1
0.602565,0.196249,-0.773565,0,0.713521,0.301722,0.632339,0,0.357497,-0.932979,0.0417786,0,68.9739,219.944,-39.2605,1
0.602954,0.195413,-0.773473,0,0.713666,0.301193,0.632427,0,0.356549,-0.933326,0.0421456,0,68.9317,219.95,-39.248,1
0.60311,0.194849,-0.773493,0,0.713956,0.30056,0.632401,0,0.355704,-0.933648,0.0421569,0,68.93,219.918,-39.2388,1
0.603286,0.194252,-0.773507,0,0.714257,0.29988,0.632384,0,0.354801,-0.933991,0.0421671,0,68.9137,219.9,-39.2204,1
0.603531,0.193539,-0.773494,0,0.714565,0.299122,0.632395,0,0.353762,-0.934382,0.0422334,0,68.9187,219.895,-39.2312,1
0.60373,0.193009,-0.773471,0,0.714817,0.298457,0.632424,0,0.352911,-0.934704,0.0422215,0,68.9207,219.868,-39.2412,1
0.603932,0.192058,-0.77355,0,0.715358,0.29736,0.632329,0,0.351467,-0.935249,0.0421949,0,68.9299,219.839,-39.2084,1
0.604102,0.191481,-0.773561,0,0.715653,0.296676,0.632317,0,0.350574,-0.935584,0.0421887,0,68.9331,219.803,-39.2228,1
0.604303,0.190817,-0.773568,0,0.715992,0.295875,0.632309,0,0.349534,-0.935974,0.042175,0,68.9391,219.785,-39.2036,1
0.604492,0.190103,-0.773595,0,0.71631,0.295189,0.632269,0,0.348553,-0.936336,0.0422668,0,68.9628,219.794,-39.2188,1
0.604673,0.189452,-0.773614,0,0.716603,0.294536,0.632242,0,0.347637,-0.936673,0.0423365,0,68.9546,219.784,-39.222,1
0.604895,0.188724,-0.773619,0,0.716936,0.293743,0.632233,0,0.346562,-0.937069,0.0423807,0,68.9477,219.768,-39.225,1
0.605043,0.188109,-0.773653,0,0.717258,0.293046,0.632191,0,0.345636,-0.937411,0.0423829,0,68.9512,219.733,-39.2011,1
0.605349,0.187092,-0.77366,0,0.71771,0.291967,0.632177,0,0.344158,-0.937951,0.0424642,0,68.9548,219.721,-39.2266,1
0.605542,0.186352,-0.773687,0,0.718045,0.291226,0.632139,0,0.343118,-0.938329,0.0425402,0,68.9486,219.696,-39.2178,1
0.605701,0.185798,-0.773696,0,0.718334,0.290532,0.632129,0,0.342232,-0.938653,0.0425104,0,68.982,219.694,-39.1936,1
0.605823,0.18525,-0.773732,0,0.718641,0.289865,0.632087,0,0.341372,-0.938968,0.0424786,0,68.9953,219.678,-39.1717,1
0.606017,0.184553,-0.773747,0,0.718949,0.289146,0.632065,0,0.340375,-0.939327,0.0425426,0,68.9685,219.642,-39.177,1
0.606155,0.183751,-0.773829,0,0.71937,0.288326,0.631962,0,0.339239,-0.939736,0.0425858,0,69.0033,219.64,-39.1555,1
0.606375,0.183045,-0.773824,0,0.719677,0.287552,0.631964,0,0.338193,-0.940111,0.0426312,0,69.0012,219.632,-39.1329,1
0.606793,0.181835,-0.773782,0,0.720133,0.286319,0.632005,0,0.336469,-0.940722,0.0427916,0,68.9816,219.615,-39.164,1
0.607039,0.180971,-0.773792,0,0.720512,0.285399,0.631989,0,0.335211,-0.941168,0.0428569,0,68.9671,219.597,-39.1745,1
0.607247,0.180148,-0.77382,0,0.720915,0.284459,0.631953,0,0.333965,-0.94161,0.0428655,0,68.9845,219.592,-39.1627,1
0.607477,0.179321,-0.773832,0,0.721256,0.283638,0.631933,0,0.332807,-0.942016,0.0429671,0,68.9572,219.581,-39.1639,1
0.607686,0.178457,-0.773868,0,0.721691,0.282629,0.631889,0,0.331482,-0.942483,0.0429591,0,68.9939,219.569,-39.1406,1
0.607866,0.177656,-0.77391,0,0.722048,0.281845,0.631831,0,0.330371,-0.942869,0.0430477,0,68.9507,219.522,-39.1097,1
0.608094,0.176824,-0.773922,0,0.722428,0.280908,0.631814,0,0.329121,-0.943305,0.0430758,0,68.999,219.55,-39.1317,1
0.60829,0.17602,-0.773951,0,0.722814,0.279994,0.631778,0,0.327907,-0.943727,0.0430878,0,68.989,219.502,-39.115,1
0.608669,0.174758,-0.773939,0,0.723307,0.278707,0.631782,0,0.326111,-0.944342,0.0432368,0,68.979,219.496,-39.1179,1
0.608975,0.173817,-0.77391,0,0.72364,0.277784,0.631808,0,0.324799,-0.944788,0.0433824,0,68.9711,219.506,-39.1557,1
0.609144,0.173091,-0.77394,0,0.723993,0.276949,0.631771,0,0.323696,-0.945166,0.0433848,0,68.9715,219.462,-39.1336,1
0.609339,0.172165,-0.773993,0,0.724411,0.276015,0.6317,0,0.322391,-0.945608,0.0434683,0,69.0253,219.492,-39.1517,1
0.609539,0.171352,-0.774016,0,0.724793,0.275073,0.631672,0,0.32115,-0.94603,0.043473,0,69.037,219.472,-39.1297,1
0.609828,0.170383,-0.774003,0,0.725176,0.274039,0.631683,0,0.319734,-0.946506,0.0435591,0,69.0346,219.462,-39.13,1
0.610186,0.169416,-0.773933,0,0.725416,0.273249,0.631749,0,0.318505,-0.946907,0.0438353,0,68.9948,219.442,-39.1311,1
0.610511,0.168213,-0.773939,0,0.72592,0.271936,0.631737,0,0.316728,-0.9475,0.0439104,0,69.0129,219.443,-39.1245,1
0.610717,0.167328,-0.773968,0,0.726308,0.270993,0.631696,0,0.31544,-0.947926,0.0439687,0,69.016,219.422,-39.0973,1
0.610957,0.166658,-0.773923,0,0.72653,0.27028,0.631746,0,0.314462,-0.948248,0.0440475,0,68.985,219.404,-39.1461,1
0.611148,0.165636,-0.773992,0,0.727008,0.2692,0.631658,0,0.312984,-0.948734,0.0441021,0,68.9891,219.387,-39.1086,1
0.611357,0.164628,-0.774041,0,0.727437,0.268195,0.63159,0,0.311572,-0.949194,0.0442067,0,68.9788,219.36,-39.1111,1
0.611611,0.163636,-0.774051,0,0.727845,0.26713,0.631573,0,0.310121,-0.949666,0.0442781,0,68.9724,219.333,-39.1293,1
0.611852,0.162702,-0.774058,0,0.728239,0.266075,0.631563,0,0.308714,-0.950122,0.0443127,0,68.9683,219.307,-39.1224,1
0.612268,0.1612,-0.774043,0,0.728807,0.2645,0.63157,0,0.306543,-0.950818,0.0444612,0,68.9725,219.316,-39.1356,1
0.612479,0.160193,-0.774086,0,0.729258,0.263386,0.631515,0,0.305047,-0.951297,0.0444967,0,68.9637,219.291,-39.1228,1
0.612725,0.159224,-0.774091,0,0.729596,0.26249,0.631498,0,0.303741,-0.951707,0.0446654,0,68.9368,219.269,-39.1407,1
0.612898,0.158168,-0.77417,0,0.730084,0.261372,0.631397,0,0.302213,-0.952191,0.0447184,0,68.9578,219.265,-39.1154,1
0.613099,0.157305,-0.774187,0,0.730474,0.260327,0.631377,0,0.300861,-0.95262,0.044699,0,68.9722,219.247,-39.1063,1
0.613368,0.156303,-0.774177,0,0.730824,0.259338,0.63138,0,0.29946,-0.953055,0.0448392,0,68.9859,219.264,-39.1324,1
0.613636,0.155271,-0.774172,0,0.731241,0.25815,0.631383,0,0.297887,-0.953546,0.0448696,0,68.9532,219.21,-39.1208,1
0.613879,0.154249,-0.774184,0,0.731658,0.257011,0.631366,0,0.296361,-0.954019,0.0449164,0,68.962,219.213,-39.1166,1
0.614268,0.152721,-0.774178,0,0.732228,0.255386,0.631363,0,0.294137,-0.954701,0.0450488,0,68.9175,219.159,-39.1338,1
0.614505,0.151663,-0.774198,0,0.732651,0.254246,0.631333,0,0.292587,-0.955174,0.0451193,0,68.9418,219.159,-39.1284,1
0.614752,0.15037,-0.774254,0,0.733122,0.253095,0.631248,0,0.290881,-0.955684,0.0453511,0,68.9546,219.184,-39.1295,1
0.614991,0.149294,-0.774273,0,0.733563,0.251879,0.631223,0,0.289261,-0.956174,0.0453867,0,68.9593,219.169,-39.1105,1
0.615223,0.148189,-0.7743,0,0.734018,0.250642,0.631186,0,0.287607,-0.956671,0.0454271,0,68.929,219.123,-39.1064,1
0.615451,0.147276,-0.774294,0,0.734346,0.249674,0.631188,0,0.28628,-0.957065,0.0455106,0,68.937,219.121,-39.1135,1
0.615701,0.14625,-0.774289,0,0.734737,0.248516,0.631191,0,0.284735,-0.957523,0.0455562,0,68.9568,219.119,-39.0966,1
0.615995,0.144828,-0.774322,0,0.735324,0.246883,0.631148,0,0.282575,-0.958162,0.0455825,0,68.9783,219.097,-39.0786,1
0.616259,0.14372,-0.774319,0,0.735696,0.245791,0.631141,0,0.281029,-0.958609,0.0457366,0,68.9598,219.079,-39.0852,1
0.61647,0.142487,-0.774379,0,0.736149,0.244658,0.631053,0,0.279375,-0.959083,0.0459324,0,68.9504,219.089,-39.0936,1
0.616724,0.141387,-0.774378,0,0.736565,0.243407,0.631051,0,0.277711,-0.959564,0.0459741,0,68.9952,219.093,-39.0752,1
0.617074,0.14018,-0.774319,0,0.736882,0.242303,0.631106,0,0.276088,-0.96002,0.046223,0,68.9704,219.1,-39.0902,1
0.617333,0.139009,-0.774324,0,0.737312,0.241021,0.631094,0,0.274356,-0.960513,0.0462966,0,68.973,219.107,-39.0873,1
0.617586,0.137839,-0.77433,0,0.737734,0.239767,0.631079,0,0.272647,-0.960996,0.0463881,0,68.9651,219.088,-39.0733,1
0.617785,0.136781,-0.774359,0,0.738188,0.238449,0.631047,0,0.270961,-0.961475,0.0463403,0,68.9804,219.052,-39.0443,1
0.618107,0.134795,-0.774451,0,0.738918,0.23653,0.630916,0,0.268225,-0.962229,0.0465978,0,68.9672,219.05,-39.0528,1
0.61841,0.133551,-0.774425,0,0.739322,0.235198,0.63094,0,0.266406,-0.962729,0.0467119,0,68.9337,219.036,-39.0662,1
0.618638,0.132281,-0.774461,0,0.739812,0.233783,0.630892,0,0.264511,-0.963248,0.046764,0,68.9185,219.026,-39.0404,1
0.618891,0.131022,-0.774472,0,0.740268,0.232387,0.630873,0,0.262635,-0.963758,0.046831,0,68.9243,219.015,-39.029,1
0.619106,0.129821,-0.774503,0,0.74071,0.231092,0.630829,0,0.260876,-0.964232,0.0469108,0,68.9168,218.985,-39.026,1
0.619355,0.12863,-0.774503,0,0.741117,0.229802,0.630822,0,0.259125,-0.9647,0.046999,0,68.9131,218.978,-39.0389,1
0.619537,0.127341,-0.77457,0,0.7416,0.228491,0.630731,0,0.2573,-0.965182,0.047122,0,68.896,218.972,-39.0101,1
0.619947,0.125654,-0.774517,0,0.742132,0.2266,0.630788,0,0.254767,-0.965849,0.0472282,0,68.891,218.944,-39.0382,1
0.620073,0.1244,-0.774619,0,0.742658,0.225228,0.630659,0,0.25292,-0.966332,0.0472709,0,68.9016,218.93,-38.9886,1
0.620354,0.123035,-0.774612,0,0.74307,0.223883,0.630654,0,0.251015,-0.966819,0.0474629,0,68.9137,218.962,-39.0254,1
0.620569,0.121827,-0.774631,0,0.7435,0.222526,0.630627,0,0.249203,-0.967285,0.0475148,0,68.8662,218.907,-38.9969,1
0.620751,0.120842,-0.774639,0,0.743854,0.221373,0.630615,0,0.247689,-0.967673,0.047528,0,68.884,218.906,-38.9831,1
0.620867,0.119917,-0.77469,0,0.744212,0.220353,0.63055,0,0.246319,-0.968021,0.0475658,0,68.8806,218.87,-38.9696,1
0.621109,0.118461,-0.77472,0,0.744699,0.218838,0.630503,0,0.244228,-0.968544,0.0477042,0,68.8742,218.859,-38.9661,1
0.621421,0.116942,-0.7747,0,0.745111,0.217419,0.630507,0,0.242167,-0.969048,0.047974,0,68.8688,218.895,-39.0137,1
0.621841,0.114911,-0.774667,0,0.74572,0.215243,0.630533,0,0.239198,-0.969776,0.0481554,0,68.8512,218.904,-38.9779,1
0.622127,0.11354,-0.77464,0,0.74613,0.213741,0.630559,0,0.237167,-0.97027,0.0482584,0,68.826,218.893,-38.9766,1
0.622326,0.11224,-0.77467,0,0.746569,0.212333,0.630516,0,0.235257,-0.97073,0.0483453,0,68.8571,218.896,-38.9823,1
0.622437,0.11091,-0.774772,0,0.747084,0.210905,0.630385,0,0.23332,-0.971194,0.048416,0,68.8707,218.864,-38.9561,1
0.622615,0.109637,-0.77481,0,0.747522,0.209503,0.630333,0,0.231432,-0.971642,0.0484837,0,68.9025,218.849,-38.9417,1
0.622883,0.108244,-0.77479,0,0.74794,0.207953,0.63035,0,0.229352,-0.972131,0.048571,0,68.8819,218.839,-38.9532,1
0.623117,0.106899,-0.774789,0,0.748355,0.206469,0.630345,0,0.227353,-0.972596,0.0486559,0,68.8657,218.808,-38.9464,1
0.623331,0.10484,-0.774899,0,0.7491,0.204189,0.630204,0,0.224296,-0.973302,0.0487419,0,68.9211,218.826,-38.8884,1
0.623645,0.103267,-0.774857,0,0.749497,0.202619,0.630238,0,0.222083,-0.973798,0.0489641,0,68.8982,218.834,-38.9559,1
0.623785,0.101863,-0.77493,0,0.75002,0.200953,0.630149,0,0.219914,-0.97429,0.0489521,0,68.9019,218.812,-38.8867,1
0.624133,0.100222,-0.774864,0,0.750391,0.199375,0.630209,0,0.21765,-0.974785,0.0492309,0,68.8425,218.83,-38.9517,1
0.624333,0.0987509,-0.774891,0,0.750822,0.1979,0.63016,0,0.21558,-0.975235,0.0494113,0,68.8337,218.843,-38.9251,1
0.624659,0.0971506,-0.774831,0,0.751185,0.196345,0.630215,0,0.21336,-0.97571,0.0496706,0,68.8337,218.862,-38.9438,1
0.624878,0.0957031,-0.774834,0,0.751602,0.194784,0.630201,0,0.211238,-0.976166,0.0497859,0,68.8199,218.874,-38.9466,1
0.625141,0.0935993,-0.774879,0,0.752231,0.192571,0.630131,0,0.208199,-0.976809,0.0499758,0,68.8094,218.874,-38.9393,1
0.625318,0.0924537,-0.774874,0,0.752548,0.191334,0.63013,0,0.206518,-0.977161,0.0500689,0,68.8046,218.874,-38.9393,1
0.625479,0.0910707,-0.774908,0,0.752971,0.189825,0.630081,0,0.204479,-0.977585,0.0501578,0,68.7724,218.844,-38.9461,1
0.625601,0.0899801,-0.774937,0,0.753314,0.188588,0.630043,0,0.202835,-0.977926,0.0501978,0,68.7692,218.829,-38.9189,1
0.625801,0.0884673,-0.774949,0,0.753722,0.187047,0.630013,0,0.200688,-0.97836,0.0503747,0,68.7661,218.816,-38.934,1
0.626006,0.0868657,-0.774965,0,0.754192,0.185227,0.629988,0,0.198269,-0.978849,0.0504398,0,68.756,218.831,-38.9149,1
0.626211,0.0852222,-0.774982,0,0.754642,0.183503,0.629955,0,0.195897,-0.979318,0.0505992,0,68.7303,218.824,-38.9188,1
0.626377,0.0836532,-0.775019,0,0.755097,0.181806,0.629901,0,0.193597,-0.97977,0.0507131,0,68.7215,218.82,-38.8874,1
0.626626,0.0814381,-0.775054,0,0.755723,0.17938,0.629845,0,0.190322,-0.980404,0.0508592,0,68.6928,218.807,-38.8724,1
0.62676,0.0800594,-0.775089,0,0.756145,0.17775,0.629801,0,0.188194,-0.980814,0.0508701,0,68.7186,218.811,-38.848,1
0.626937,0.0785596,-0.775099,0,0.756513,0.176282,0.629772,0,0.186111,-0.9812,0.0510865,0,68.7092,218.809,-38.8631,1
0.62715,0.0770228,-0.775081,0,0.756848,0.174841,0.629771,0,0.184023,-0.981579,0.0513571,0,68.7162,218.833,-38.8237,1
0.627307,0.0756057,-0.775094,0,0.757225,0.173285,0.629748,0,0.181925,-0.981966,0.0514524,0,68.7086,218.837,-38.8222,1
0.627474,0.0741392,-0.7751,0,0.757607,0.171662,0.629733,0,0.179743,-0.982362,0.0515453,0,68.7236,218.839,-38.8233,1
0.627608,0.0727423,-0.775124,0,0.758,0.170042,0.6297,0,0.177609,-0.982749,0.051581,0,68.7242,218.837,-38.7894,1
0.627782,0.0704124,-0.775198,0,0.758638,0.167578,0.629592,0,0.174237,-0.983341,0.0517849,0,68.7197,218.841,-38.7728,1
0.62803,0.0688567,-0.775137,0,0.758946,0.165946,0.629653,0,0.171986,-0.983728,0.0519604,0,68.688,218.866,-38.8196,1
0.628168,0.0674276,-0.775151,0,0.759305,0.164394,0.629627,0,0.169885,-0.984088,0.0520691,0,68.7015,218.895,-38.8084,1
0.628282,0.0659619,-0.775185,0,0.759688,0.162812,0.629576,0,0.167738,-0.98445,0.0521815,0,68.6919,218.904,-38.7914,1
0.628369,0.0646022,-0.775229,0,0.760044,0.161403,0.62951,0,0.165792,-0.984772,0.0523198,0,68.6841,218.908,-38.8039,1
0.628481,0.0632209,-0.775252,0,0.760399,0.159855,0.629476,0,0.163724,-0.985114,0.0523924,0,68.6958,218.92,-38.7926,1
0.628589,0.061941,-0.775267,0,0.760712,0.158466,0.629448,0,0.161842,-0.98542,0.0524908,0,68.6807,218.909,-38.7883,1
0.628721,0.0601908,-0.775298,0,0.761149,0.156549,0.629401,0,0.159256,-0.985834,0.0526116,0,68.6725,218.93,-38.7517,1
0.62885,0.0591483,-0.775274,0,0.761354,0.155467,0.62942,0,0.157759,-0.986069,0.0527329,0,68.6538,218.919,-38.7922,1
0.628919,0.0577695,-0.775322,0,0.761706,0.154023,0.62935,0,0.155775,-0.986377,0.0528646,0,68.6423,218.935,-38.7783,1
0.629035,0.0564595,-0.775324,0,0.761988,0.152687,0.629334,0,0.153914,-0.986661,0.0530242,0,68.6253,218.933,-38.7968,1
0.629151,0.0550213,-0.775334,0,0.762344,0.150949,0.629322,0,0.151662,-0.987009,0.0530248,0,68.6153,218.925,-38.7377,1
0.629321,0.0536261,-0.775293,0,0.762589,0.149574,0.629354,0,0.149713,-0.987295,0.0532352,0,68.571,218.937,-38.7351,1
0.629512,0.0521728,-0.775238,0,0.762823,0.148168,0.629402,0,0.147703,-0.987585,0.0534751,0,68.5462,218.965,-38.7717,1
0.629455,0.0508877,-0.775369,0,0.763235,0.146753,0.629235,0,0.145808,-0.987863,0.0535353,0,68.5568,218.95,-38.7168,1
0.629632,0.0490002,-0.775347,0,0.763613,0.144709,0.629249,0,0.143033,-0.98826,0.0536963,0,68.5244,218.927,-38.7478,1
0.629718,0.0477448,-0.775356,0,0.763896,0.143277,0.629233,0,0.141133,-0.988531,0.0537522,0,68.5351,218.938,-38.7424,1
0.629817,0.0465151,-0.775349,0,0.764154,0.141883,0.629236,0,0.139278,-0.98879,0.0538158,0,68.5438,218.944,-38.741,1
0.629869,0.0452065,-0.775385,0,0.764464,0.140433,0.629185,0,0.137333,-0.989058,0.0538955,0,68.5605,218.964,-38.7199,1
0.629911,0.0439122,-0.775425,0,0.764759,0.139096,0.629124,0,0.135485,-0.989305,0.0540358,0,68.572,218.976,-38.7193,1
0.629984,0.0426759,-0.775435,0,0.765021,0.137738,0.629104,0,0.133654,-0.989549,0.0541248,0,68.5528,218.976,-38.7136,1
0.630022,0.0414495,-0.77547,0,0.765313,0.136324,0.629057,0,0.13179,-0.989797,0.0541655,0,68.5726,218.977,-38.6898,1
0.630158,0.0394502,-0.775464,0,0.765694,0.134213,0.629046,0,0.128893,-0.990167,0.0543685,0,68.5504,219.027,-38.6904,1
0.630187,0.038145,-0.775506,0,0.765989,0.132805,0.628986,0,0.126984,-0.990408,0.0544733,0,68.5538,219.038,-38.6875,1
0.630242,0.0368071,-0.775526,0,0.766266,0.13136,0.628952,0,0.125023,-0.990651,0.0545846,0,68.5454,219.061,-38.6696,1
0.630334,0.0356205,-0.775506,0,0.766463,0.130157,0.628962,0,0.123342,-0.990854,0.0547405,0,68.4987,219.045,-38.6844,1
0.630424,0.0343872,-0.775489,0,0.76669,0.128729,0.62898,0,0.121457,-0.991084,0.0547894,0,68.5067,219.078,-38.6982,1
0.630491,0.0334695,-0.775475,0,0.766833,0.127857,0.628983,0,0.120202,-0.991228,0.0549472,0,68.4889,219.106,-38.7011,1
0.63061,0.0325176,-0.775418,0,0.766929,0.127027,0.629034,0,0.118953,-0.991366,0.0551656,0,68.456,219.106,-38.6947,1
0.630729,0.0306962,-0.775396,0,0.767232,0.125146,0.629043,0,0.116347,-0.991664,0.055382,0,68.4597,219.145,-38.7011,1
0.630725,0.0296331,-0.775441,0,0.767482,0.123886,0.628986,0,0.114705,-0.991854,0.0553949,0,68.4969,219.155,-38.6728,1
0.630805,0.0284481,-0.77542,0,0.767675,0.122601,0.629003,0,0.112961,-0.992048,0.0554985,0,68.476,219.166,-38.6828,1
0.630772,0.0273633,-0.775486,0,0.76794,0.121376,0.628917,0,0.111335,-0.992229,0.0555472,0,68.4655,219.17,-38.6588,1
0.630808,0.0261035,-0.7755,0,0.76816,0.120156,0.628883,0,0.109597,-0.992412,0.0557437,0,68.4731,219.204,-38.696,1
0.630842,0.025054,-0.775507,0,0.76836,0.118928,0.628871,0,0.107985,-0.992587,0.055774,0,68.4656,219.204,-38.6611,1
0.630881,0.023797,-0.775515,0,0.768587,0.117548,0.628853,0,0.106125,-0.992782,0.0558688,0,68.4332,219.197,-38.6509,1
0.630896,0.0226295,-0.775537,0,0.76881,0.116279,0.628817,0,0.104409,-0.992959,0.0559625,0,68.4263,219.217,-38.6479,1
0.630881,0.02091,-0.775598,0,0.769156,0.114469,0.628726,0,0.101928,-0.993207,0.0561329,0,68.3834,219.224,-38.6231,1
0.630963,0.0198199,-0.77556,0,0.76929,0.113379,0.628759,0,0.100394,-0.993354,0.0562908,0,68.3666,219.239,-38.6637,1
0.630965,0.0186889,-0.775587,0,0.769512,0.112063,0.628723,0,0.0986648,-0.993526,0.0563264,0,68.3687,219.254,-38.6362,1
0.630995,0.0176748,-0.775585,0,0.769676,0.110974,0.628716,0,0.0971821,-0.993666,0.05642,0,68.3347,219.237,-38.6359,1
0.631057,0.0166213,-0.775559,0,0.769816,0.109869,0.628739,0,0.0956603,-0.993807,0.0565383,0,68.3326,219.268,-38.6512,1
0.631017,0.0156889,-0.77561,0,0.770031,0.108713,0.628677,0,0.0941821,-0.99395,0.0565187,0,68.3394,219.263,-38.6309,1
0.630981,0.0146921,-0.775659,0,0.770244,0.107563,0.628614,0,0.0926683,-0.99409,0.056554,0,68.3975,219.295,-38.6097,1
0.631028,0.0129651,-0.775652,0,0.770497,0.105797,0.628603,0,0.0902119,-0.994303,0.0567715,0,68.3702,219.326,-38.6093,1
0.631009,0.0120189,-0.775682,0,0.770684,0.104651,0.628565,0,0.0887302,-0.994437,0.0567727,0,68.372,219.324,-38.5839,1
0.631089,0.0111799,-0.77563,0,0.770752,0.103845,0.628616,0,0.0875729,-0.994531,0.0569183,0,68.3514,219.35,-38.626,1
0.63106,0.0102307,-0.775667,0,0.770939,0.102731,0.628569,0,0.0861162,-0.994657,0.0569424,0,68.3573,219.351,-38.577,1
0.631143,0.00943062,-0.77561,0,0.770995,0.101954,0.628627,0,0.0850051,-0.994744,0.0570767,0,68.3453,219.372,-38.5911,1
0.631113,0.00839396,-0.775646,0,0.771186,0.100822,0.628576,0,0.0834782,-0.994869,0.0571566,0,68.3469,219.387,-38.5596,1
0.63102,0.00724967,-0.775733,0,0.771438,0.0996258,0.628458,0,0.0818392,-0.994999,0.0572732,0,68.3631,219.401,-38.5375,1
0.63105,0.00630397,-0.775717,0,0.771565,0.0985368,0.628473,0,0.0803986,-0.995114,0.0573177,0,68.3626,219.414,-38.5347,1
0.631095,0.00476582,-0.775691,0,0.771756,0.0969191,0.62849,0,0.0781747,-0.995281,0.0574871,0,68.3177,219.439,-38.5553,1
0.631074,0.0038158,-0.775713,0,0.771917,0.0958351,0.628458,0,0.0767387,-0.99539,0.0575336,0,68.338,219.462,-38.5268,1
0.631053,0.00288421,-0.775734,0,0.772075,0.0947515,0.628429,0,0.0753146,-0.995497,0.0575664,0,68.3301,219.468,-38.5116,1
0.631102,0.00193897,-0.775698,0,0.772163,0.093817,0.628461,0,0.0739922,-0.995588,0.0577109,0,68.285,219.473,-38.5408,1
0.631043,0.00100832,-0.775747,0,0.772344,0.0927642,0.628395,0,0.0725953,-0.995688,0.0577594,0,68.3213,219.501,-38.5169,1
0.631015,5.59203e-05,-0.775771,0,0.772488,0.0918545,0.628352,0,0.0712932,-0.995773,0.0579184,0,68.3149,219.515,-38.5243,1
0.630992,-0.000868596,-0.775789,0,0.77263,0.0908574,0.628322,0,0.0699405,-0.995864,0.0580014,0,68.3354,219.54,-38.5182,1
0.631043,-0.0022569,-0.775745,0,0.772771,0.0893431,0.628365,0,0.0678893,-0.995999,0.0581235,0,68.3107,219.568,-38.5205,1
0.631129,-0.00323994,-0.775671,0,0.772818,0.0884214,0.628438,0,0.0665498,-0.996078,0.0583092,0,68.3012,219.598,-38.5064,1
0.631126,-0.0040791,-0.775669,0,0.772921,0.0875686,0.62843,0,0.065361,-0.99615,0.0584196,0,68.2781,219.621,-38.5064,1
0.631133,-0.00504923,-0.775658,0,0.773035,0.0865143,0.628436,0,0.0639324,-0.996238,0.0585053,0,68.2785,219.642,-38.5185,1
0.631149,-0.00588877,-0.775639,0,0.773126,0.0855522,0.628456,0,0.0626567,-0.996316,0.058549,0,68.2545,219.644,-38.5269,1
0.631064,-0.00670391,-0.775702,0,0.77329,0.0846988,0.62837,0,0.0614886,-0.996384,0.0586344,0,68.2696,219.652,-38.5114,1
0.631061,-0.00769201,-0.775695,0,0.773403,0.0836914,0.628366,0,0.0600858,-0.996462,0.0587633,0,68.229,219.681,-38.5129,1
0.630996,-0.0085855,-0.775739,0,0.77356,0.0826683,0.628308,0,0.0587346,-0.99654,0.0588047,0,68.2481,219.687,-38.4827,1
0.630986,-0.00961093,-0.775735,0,0.77368,0.081567,0.628304,0,0.0572358,-0.996622,0.0589034,0,68.2033,219.675,-38.5082,1
0.630967,-0.0102892,-0.775742,0,0.773771,0.0807976,0.628292,0,0.0562135,-0.996678,0.058942,0,68.187,219.681,-38.5009,1
0.630994,-0.0111009,-0.775708,0,0.773834,0.0799193,0.628326,0,0.0550192,-0.99674,0.0590188,0,68.1892,219.7,-38.5072,1
0.630947,-0.011815,-0.775736,0,0.773949,0.0790868,0.62829,0,0.0539273,-0.996798,0.0590437,0,68.175,219.71,-38.4784,1
0.630916,-0.01271,-0.775747,0,0.774062,0.0781883,0.628264,0,0.0526691,-0.996858,0.0591685,0,68.1686,219.714,-38.5039,1
0.63084,-0.0135379,-0.775795,0,0.774205,0.0772971,0.628198,0,0.0514624,-0.996916,0.0592432,0,68.221,219.762,-38.4781,1
0.630771,-0.01421,-0.775839,0,0.774328,0.0765237,0.628141,0,0.0504443,-0.996967,0.0592721,0,68.2028,219.756,-38.4705,1
0.630805,-0.0153985,-0.775789,0,0.774412,0.0752433,0.628192,0,0.0486997,-0.997047,0.0593885,0,68.1742,219.77,-38.4622,1
0.630785,-0.0161135,-0.775791,0,0.774492,0.0744882,0.628182,0,0.047665,-0.997092,0.0594658,0,68.1848,219.806,-38.4867,1
0.630793,-0.0168412,-0.775769,0,0.774552,0.0736798,0.628204,0,0.0465789,-0.99714,0.0595211,0,68.1608,219.81,-38.4969,1
0.630707,-0.0174885,-0.775824,0,0.774684,0.0728543,0.628138,0,0.0455371,-0.997189,0.0594977,0,68.175,219.808,-38.4574,1
0.630678,-0.0182637,-0.775829,0,0.774775,0.0719778,0.628127,0,0.0443707,-0.997239,0.0595451,0,68.177,219.825,-38.4387,1
0.630682,-0.0190424,-0.775808,0,0.774835,0.0711816,0.628144,0,0.043262,-0.997282,0.0596477,0,68.1841,219.855,-38.467,1
0.630694,-0.0197339,-0.775781,0,0.774881,0.0704513,0.628169,0,0.0422585,-0.99732,0.0597246,0,68.136,219.853,-38.4642,1
0.630636,-0.0204534,-0.775809,0,0.774987,0.0696069,0.628133,0,0.0411543,-0.997365,0.0597477,0,68.1554,219.871,-38.4579,1
0.630638,-0.0211125,-0.77579,0,0.775037,0.0688652,0.628152,0,0.0401631,-0.997403,0.059792,0,68.1509,219.887,-38.4659,1
0.630558,-0.021857,-0.775834,0,0.775159,0.0680271,0.628093,0,0.0390495,-0.997444,0.0598377,0,68.1893,219.924,-38.432,1
0.630475,-0.0225969,-0.775881,0,0.775276,0.067343,0.628022,0,0.0380588,-0.997474,0.0599769,0,68.1771,219.92,-38.4366,1
0.630423,-0.0233193,-0.775902,0,0.775371,0.0665166,0.627993,0,0.036966,-0.997513,0.0600147,0,68.1448,219.928,-38.4213,1
0.630435,-0.0240474,-0.77587,0,0.775409,0.0658011,0.628021,0,0.0359509,-0.997543,0.0601299,0,68.1295,219.949,-38.4277,1
0.630369,-0.0246111,-0.775906,0,0.775505,0.065091,0.627978,0,0.0350494,-0.997576,0.0601174,0,68.1221,219.939,-38.407,1
0.630431,-0.0253677,-0.775831,0,0.775502,0.0643187,0.62806,0,0.0339681,-0.997607,0.0602212,0,68.1062,219.976,-38.4242,1
0.63038,-0.0262799,-0.775842,0,0.775603,0.0632757,0.628042,0,0.0325872,-0.99765,0.0602704,0,68.1058,219.985,-38.4092,1
0.63039,-0.0269936,-0.77581,0,0.775634,0.0626264,0.628068,0,0.0316323,-0.997672,0.0604162,0,68.0964,219.989,-38.4112,1
0.630417,-0.027568,-0.775767,0,0.775645,0.0620303,0.628114,0,0.0308053,-0.997694,0.0604879,0,68.1066,220.019,-38.4188,1
0.630358,-0.0282195,-0.775792,0,0.775731,0.0613152,0.628078,0,0.0298438,-0.99772,0.0605412,0,68.1339,220.049,-38.4131,1
0.630339,-0.0288509,-0.775784,0,0.775783,0.0605819,0.628085,0,0.0288776,-0.997746,0.0605691,0,68.1138,220.053,-38.4077,1
0.630348,-0.029343,-0.775758,0,0.7758,0.0601364,0.628107,0,0.0282209,-0.997759,0.0606712,0,68.1134,220.077,-38.4431,1
0.630242,-0.0298806,-0.775823,0,0.775916,0.059484,0.628026,0,0.0273833,-0.997782,0.0606742,0,68.1291,220.091,-38.3945,1
0.63017,-0.0305467,-0.775856,0,0.776006,0.0588135,0.627977,0,0.0264482,-0.997802,0.0607669,0,68.1199,220.093,-38.3898,1
0.630155,-0.0311783,-0.775843,0,0.77605,0.0581105,0.627988,0,0.0255051,-0.997823,0.0608146,0,68.1172,220.115,-38.3815,1
0.630149,-0.0316498,-0.775829,0,0.776077,0.0576167,0.628001,0,0.0248247,-0.997837,0.0608698,0,68.112,220.116,-38.3907,1
0.630115,-0.0322472,-0.775832,0,0.776133,0.0569651,0.627991,0,0.0239444,-0.997855,0.0609227,0,68.0996,220.138,-38.3976,1
0.630042,-0.0326799,-0.775873,0,0.776214,0.0563628,0.627945,0,0.0232092,-0.997876,0.0608775,0,68.1174,220.128,-38.3754,1
0.630041,-0.0332136,-0.775852,0,0.776236,0.0558906,0.62796,0,0.022506,-0.997884,0.0609949,0,68.0979,220.137,-38.3895,1
0.629985,-0.0338075,-0.775872,0,0.776308,0.0551573,0.627936,0,0.0215661,-0.997905,0.0609933,0,68.0909,220.143,-38.3699,1
0.630003,-0.0346706,-0.775818,0,0.776325,0.0543353,0.627986,0,0.0203817,-0.997921,0.061147,0,68.0657,220.19,-38.396,1
0.629962,-0.0351088,-0.775832,0,0.776377,0.0537681,0.627971,0,0.0196677,-0.997936,0.0611295,0,68.0603,220.173,-38.3914,1
0.629885,-0.0355974,-0.775873,0,0.776458,0.0531973,0.62792,0,0.0189222,-0.997949,0.061148,0,68.0924,220.21,-38.362,1
0.629849,-0.0361831,-0.775875,0,0.776505,0.0527079,0.627903,0,0.0181753,-0.997954,0.0612943,0,68.0812,220.215,-38.3692,1
0.629819,-0.0366969,-0.775875,0,0.776548,0.0521099,0.6279,0,0.0173888,-0.997967,0.0613167,0,68.0638,220.215,-38.3839,1
0.629794,-0.0371168,-0.775875,0,0.776582,0.0515883,0.627901,0,0.0167203,-0.997979,0.0613142,0,68.0914,220.233,-38.3685,1
0.629712,-0.0375791,-0.775919,0,0.776664,0.0510435,0.627844,0,0.0160119,-0.997989,0.061329,0,68.0914,220.232,-38.364,1
0.629666,-0.0382056,-0.775926,0,0.77672,0.0503536,0.627831,0,0.0150841,-0.998001,0.061381,0,68.0678,220.229,-38.3531,1
0.629663,-0.0388065,-0.775898,0,0.776738,0.0497173,0.627859,0,0.0142106,-0.998009,0.0614476,0,68.0743,220.261,-38.3625,1
0.629652,-0.0392728,-0.775884,0,0.77676,0.0492029,0.627872,0,0.0135175,-0.998017,0.0614862,0,68.0656,220.273,-38.3631,1
0.629576,-0.0397273,-0.775923,0,0.776833,0.0486827,0.627822,0,0.0128325,-0.998024,0.0615109,0,68.029,220.269,-38.3331,1
0.629585,-0.040117,-0.775895,0,0.776835,0.0483063,0.62785,0,0.0122933,-0.998027,0.0615772,0,68.0347,220.295,-38.3486,1
0.629527,-0.0405752,-0.775919,0,0.776892,0.0477877,0.627818,0,0.0116055,-0.998033,0.0616062,0,68.0389,220.3,-38.3458,1
0.629492,-0.0409438,-0.775928,0,0.776928,0.0474749,0.627797,0,0.0111327,-0.998033,0.0616954,0,68.032,220.314,-38.3443,1
0.629479,-0.0414144,-0.775914,0,0.776948,0.04698,0.62781,0,0.0104521,-0.998037,0.0617497,0,68.0227,220.33,-38.3542,1
0.629432,-0.0420815,-0.775915,0,0.776998,0.0462297,0.627804,0,0.00945142,-0.998044,0.0617956,0,68.0296,220.329,-38.3462,1
0.629406,-0.0424687,-0.775916,0,0.777026,0.0457904,0.627801,0,0.00886773,-0.998048,0.06182,0,68.0516,220.366,-38.3506,1
0.629356,-0.0428598,-0.775934,0,0.777073,0.0452927,0.627779,0,0.00823777,-0.998054,0.0618104,0,68.0112,220.331,-38.3331,1
0.629322,-0.0432971,-0.775938,0,0.777107,0.0448179,0.62777,0,0.00759539,-0.998057,0.0618514,0,68.0129,220.353,-38.3165,1
0.629304,-0.0436449,-0.775933,0,0.777127,0.0443916,0.627776,0,0.00704573,-0.99806,0.0618534,0,68.0048,220.356,-38.3214,1
0.629262,-0.0441822,-0.775937,0,0.777167,0.0439233,0.627759,0,0.00634584,-0.998058,0.0619762,0,68.0155,220.374,-38.3397,1
0.629299,-0.0446502,-0.77588,0,0.777143,0.0433605,0.627829,0,0.00560987,-0.998061,0.0619863,0,67.98,220.386,-38.3418,1
0.629193,-0.0452169,-0.775933,0,0.777235,0.0426998,0.62776,0,0.00474676,-0.998064,0.0620106,0,67.998,220.397,-38.3121,1
0.629181,-0.0455664,-0.775923,0,0.777248,0.0423063,0.627771,0,0.0042212,-0.998065,0.0620347,0,68.0089,220.406,-38.3175,1
0.629156,-0.0458929,-0.775923,0,0.77727,0.041941,0.627768,0,0.00373299,-0.998066,0.0620586,0,68.0015,220.397,-38.3051,1
0.629143,-0.0464395,-0.775901,0,0.777284,0.0413064,0.627792,0,0.00289537,-0.998067,0.0620842,0,67.9822,220.412,-38.3219,1
0.629065,-0.0468234,-0.775942,0,0.77735,0.0408828,0.627739,0,0.00232983,-0.998066,0.0621161,0,67.9619,220.406,-38.315,1
0.629142,-0.0472311,-0.775854,0,0.777288,0.0405492,0.627837,0,0.00180691,-0.998061,0.0622234,0,67.9667,220.43,-38.315,1
0.6292,-0.0476663,-0.775781,0,0.777243,0.0401775,0.627917,0,0.00123839,-0.998055,0.0623279,0,67.9517,220.449,-38.3068,1
0.629183,-0.0481867,-0.775762,0,0.777257,0.0397092,0.627929,0,0.000546989,-0.998049,0.0624378,0,67.9245,220.447,-38.3238,1
0.629091,-0.0487697,-0.7758,0,0.777331,0.0389679,0.627883,0,-0.000390233,-0.99805,0.0624245,0,67.9394,220.477,-38.2844,1
0.629076,-0.0490375,-0.775796,0,0.777344,0.0387255,0.627883,0,-0.000746697,-0.998046,0.0624802,0,67.9248,220.482,-38.3056,1
0.628981,-0.049529,-0.775842,0,0.77742,0.0380937,0.627828,0,-0.00154092,-0.998046,0.062465,0,67.9426,220.494,-38.2787,1
0.628982,-0.0498283,-0.775821,0,0.777417,0.0377358,0.627853,0,-0.00200861,-0.998045,0.0624725,0,67.9116,220.484,-38.2887,1
0.628974,-0.05019,-0.775804,0,0.777422,0.0373677,0.627868,0,-0.0025227,-0.998041,0.0625221,0,67.911,220.487,-38.3061,1
0.628906,-0.0506114,-0.775833,0,0.777475,0.0369281,0.627828,0,-0.00312516,-0.998036,0.0625734,0,67.8885,220.491,-38.2963,1
0.628866,-0.0510183,-0.775838,0,0.777505,0.0363643,0.627825,0,-0.00381766,-0.998036,0.0625352,0,67.8872,220.5,-38.2721,1
0.628786,-0.0516108,-0.775864,0,0.777565,0.0357089,0.627788,0,-0.00469546,-0.998029,0.0625839,0,67.9187,220.527,-38.257,1
0.628659,-0.0518971,-0.775947,0,0.777663,0.0352054,0.627695,0,-0.00525806,-0.998032,0.0624906,0,67.9059,220.494,-38.2626,1
0.628636,-0.0522747,-0.775941,0,0.777678,0.0347726,0.6277,0,-0.00583135,-0.998027,0.0625122,0,67.9016,220.493,-38.2507,1
0.628594,-0.0527406,-0.775943,0,0.777706,0.0342439,0.627695,0,-0.00653371,-0.998021,0.0625423,0,67.8954,220.515,-38.2729,1
0.628555,-0.0531272,-0.775949,0,0.777733,0.0337722,0.627687,0,-0.00714175,-0.998017,0.0625464,0,67.9145,220.53,-38.2543,1
0.628529,-0.0535638,-0.77594,0,0.777748,0.0333278,0.627693,0,-0.0077612,-0.998008,0.0626066,0,67.8981,220.531,-38.2567,1
0.628495,-0.0540409,-0.775934,0,0.777768,0.032855,0.627692,0,-0.00842769,-0.997998,0.0626805,0,67.8826,220.517,-38.2638,1
0.628445,-0.0544955,-0.775943,0,0.7778,0.0323006,0.627681,0,-0.00914239,-0.997992,0.0626858,0,67.8863,220.537,-38.2377,1
0.628381,-0.055124,-0.77595,0,0.77784,0.0315335,0.627671,0,-0.0101313,-0.997982,0.0626927,0,67.8521,220.545,-38.2221,1
0.628349,-0.0556099,-0.775942,0,0.777856,0.031005,0.627677,0,-0.0108469,-0.997971,0.0627384,0,67.8735,220.56,-38.2403,1
0.628285,-0.0559817,-0.775967,0,0.777899,0.0305384,0.627647,0,-0.01144,-0.997965,0.062735,0,67.8314,220.534,-38.2097,1
0.628263,-0.0564227,-0.775952,0,0.777907,0.0300974,0.627658,0,-0.01206,-0.997953,0.0628007,0,67.8311,220.55,-38.2226,1
0.628222,-0.0569575,-0.775947,0,0.777928,0.0294852,0.627661,0,-0.0128711,-0.997941,0.0628321,0,67.8157,220.57,-38.2121,1
0.628177,-0.0574219,-0.775949,0,0.777952,0.0289384,0.627657,0,-0.0135864,-0.997931,0.0628499,0,67.8062,220.561,-38.2171,1
0.628142,-0.0578506,-0.775946,0,0.777969,0.0284873,0.627656,0,-0.0142055,-0.997919,0.0629,0,67.7982,220.574,-38.2199,1
0.628088,-0.0583231,-0.775953,0,0.777999,0.0279165,0.627646,0,-0.0149442,-0.997908,0.0629093,0,67.7893,220.584,-38.19,1
0.62808,-0.0587033,-0.775931,0,0.777993,0.0274704,0.627672,0,-0.0155312,-0.997898,0.0629244,0,67.7707,220.582,-38.199,1
0.628024,-0.0590976,-0.775947,0,0.778026,0.0269912,0.627652,0,-0.0161489,-0.997887,0.0629306,0,67.789,220.588,-38.2012,1
0.627974,-0.0596714,-0.775944,0,0.778049,0.0263809,0.627649,0,-0.0169826,-0.99787,0.0629937,0,67.7602,220.581,-38.1912,1
0.627901,-0.0600412,-0.775974,0,0.778093,0.0258022,0.62762,0,-0.0176611,-0.997862,0.0629188,0,67.7765,220.596,-38.1597,1
0.627853,-0.060547,-0.775973,0,0.778114,0.0252604,0.627615,0,-0.0183988,-0.997846,0.0629723,0,67.7643,220.592,-38.1571,1
0.627812,-0.0609869,-0.775972,0,0.77813,0.0246769,0.627619,0,-0.0191278,-0.997834,0.0629482,0,67.741,220.6,-38.1393,1
0.627799,-0.0617468,-0.775923,0,0.778115,0.0240029,0.627663,0,-0.0201316,-0.997803,0.0631151,0,67.7285,220.607,-38.1862,1
0.62772,-0.0621616,-0.775954,0,0.778161,0.0234485,0.627627,0,-0.0208193,-0.997791,0.0630908,0,67.7126,220.586,-38.1707,1
0.627686,-0.0626451,-0.775942,0,0.778166,0.0227913,0.627645,0,-0.0216342,-0.997776,0.063054,0,67.7036,220.599,-38.1311,1
0.627604,-0.0630996,-0.775972,0,0.778212,0.0222384,0.627608,0,-0.0223454,-0.99776,0.0630618,0,67.7135,220.597,-38.118,1
0.627563,-0.0636752,-0.775958,0,0.778221,0.0216461,0.627617,0,-0.0231672,-0.997736,0.0631376,0,67.6974,220.61,-38.1382,1
0.627556,-0.0642004,-0.77592,0,0.778203,0.0210704,0.62766,0,-0.023947,-0.997715,0.0631838,0,67.6765,220.624,-38.1464,1
0.627586,-0.0648505,-0.775842,0,0.778153,0.0205369,0.627739,0,-0.0247757,-0.997684,0.0633522,0,67.6444,220.644,-38.137,1
0.627519,-0.0653454,-0.775855,0,0.778181,0.019907,0.627724,0,-0.025574,-0.997664,0.0633425,0,67.6391,220.642,-38.1161,1
