0.638451,-0.712366,0.291403,0,0.715399,0.688904,0.116689,0,-0.283874,0.133969,0.949457,0,49.8722,53.4662,-105.982,1
0.638551,-0.712377,0.291157,0,0.715445,0.688896,0.11645,0,-0.283533,0.133948,0.949562,0,49.8629,53.4578,-105.954,1
0.638701,-0.712429,0.2907,0,0.715575,0.688842,0.11597,0,-0.282867,0.133948,0.94976,0,49.8871,53.46,-105.929,1
0.638782,-0.71244,0.290495,0,0.71564,0.688822,0.115686,0,-0.282519,0.133992,0.949858,0,49.8745,53.4663,-105.939,1
0.638939,-0.712448,0.29013,0,0.715701,0.688819,0.115323,0,-0.282009,0.133962,0.950013,0,49.8747,53.449,-105.901,1
0.639057,-0.712454,0.289855,0,0.715762,0.688811,0.114998,0,-0.281586,0.133977,0.950137,0,49.861,53.4402,-105.908,1
0.639259,-0.712475,0.289355,0,0.715863,0.688792,0.114479,0,-0.280869,0.133957,0.950352,0,49.8979,53.427,-105.84,1
0.63938,-0.712492,0.289047,0,0.71592,0.688781,0.114189,0,-0.280449,0.133925,0.95048,0,49.8744,53.4104,-105.846,1
0.639496,-0.712513,0.28874,0,0.715992,0.688761,0.113865,0,-0.280003,0.133919,0.950613,0,49.8692,53.4038,-105.838,1
0.639666,-0.712514,0.28836,0,0.716062,0.688758,0.113434,0,-0.279433,0.133924,0.950779,0,49.877,53.3893,-105.802,1
0.639819,-0.712595,0.287822,0,0.716228,0.688676,0.112887,0,-0.278658,0.133919,0.951008,0,49.9017,53.4004,-105.78,1
0.639967,-0.712589,0.287507,0,0.71628,0.688681,0.112521,0,-0.278181,0.133926,0.951146,0,49.885,53.3827,-105.791,1
0.640108,-0.712618,0.287119,0,0.716377,0.688649,0.112098,0,-0.277607,0.133931,0.951313,0,49.8895,53.3814,-105.759,1
0.640261,-0.712659,0.286675,0,0.71648,0.688613,0.111667,0,-0.276989,0.133901,0.951498,0,49.9177,53.372,-105.74,1
0.640396,-0.712679,0.286325,0,0.716563,0.68859,0.111268,0,-0.276459,0.133914,0.95165,0,49.9228,53.3711,-105.696,1
0.640543,-0.712638,0.286098,0,0.71657,0.688631,0.110977,0,-0.276102,0.133923,0.951752,0,49.8628,53.3421,-105.735,1
0.640703,-0.71266,0.285686,0,0.716666,0.688605,0.110511,0,-0.275482,0.133936,0.95193,0,49.8673,53.3375,-105.702,1
0.640875,-0.712679,0.285251,0,0.716763,0.688583,0.110021,0,-0.274829,0.133947,0.952117,0,49.873,53.3285,-105.7,1
0.64104,-0.712731,0.28475,0,0.716873,0.68854,0.109566,0,-0.274153,0.133894,0.95232,0,49.9029,53.317,-105.646,1
0.641181,-0.712769,0.284338,0,0.716986,0.688497,0.1091,0,-0.273529,0.133913,0.952496,0,49.9162,53.3213,-105.633,1
0.641368,-0.712761,0.283934,0,0.717019,0.688519,0.108745,0,-0.273003,0.133841,0.952657,0,49.8756,53.2807,-105.615,1
0.641483,-0.712812,0.283547,0,0.717137,0.688463,0.10832,0,-0.272423,0.133856,0.952821,0,49.8872,53.2889,-105.608,1
0.641629,-0.712841,0.283143,0,0.717243,0.688428,0.107845,0,-0.2718,0.133886,0.952995,0,49.8904,53.2902,-105.611,1
0.641842,-0.71286,0.282611,0,0.717342,0.688411,0.107289,0,-0.271035,0.133866,0.953216,0,49.8971,53.2704,-105.585,1
0.642024,-0.712857,0.282207,0,0.717407,0.688414,0.106832,0,-0.270431,0.133868,0.953387,0,49.8847,53.2525,-105.56,1
0.64226,-0.712924,0.281501,0,0.717572,0.688351,0.106125,0,-0.269431,0.133837,0.953674,0,49.8853,53.2419,-105.54,1
0.642432,-0.71295,0.281041,0,0.717687,0.688317,0.105576,0,-0.268715,0.133874,0.953871,0,49.8979,53.2437,-105.511,1
0.642648,-0.712965,0.280509,0,0.717779,0.688306,0.105019,0,-0.267951,0.133853,0.954089,0,49.8859,53.2204,-105.501,1
0.642786,-0.712996,0.280114,0,0.717893,0.688263,0.104518,0,-0.267313,0.133909,0.95426,0,49.8825,53.2288,-105.522,1
0.642975,-0.713044,0.279556,0,0.718015,0.688219,0.10397,0,-0.266531,0.133875,0.954484,0,49.9123,53.2195,-105.466,1
0.643175,-0.713054,0.279072,0,0.718103,0.688209,0.103428,0,-0.26581,0.13388,0.954684,0,49.91,53.202,-105.452,1
0.643375,-0.713075,0.278556,0,0.718217,0.68818,0.10282,0,-0.265015,0.133912,0.954901,0,49.9139,53.1956,-105.437,1
0.643683,-0.713135,0.277689,0,0.718384,0.688131,0.101982,0,-0.263813,0.133843,0.955243,0,49.9298,53.1688,-105.378,1
0.643863,-0.71317,0.27718,0,0.718511,0.688087,0.101381,0,-0.263026,0.133881,0.955455,0,49.939,53.1713,-105.363,1
0.644055,-0.71321,0.276631,0,0.718615,0.688056,0.100857,0,-0.26227,0.133834,0.955669,0,49.9349,53.1537,-105.322,1
0.644273,-0.71325,0.276019,0,0.718742,0.688016,0.100215,0,-0.261384,0.133821,0.955914,0,49.9434,53.1394,-105.305,1
0.644485,-0.713265,0.275486,0,0.718831,0.688005,0.0996569,0,-0.260618,0.133801,0.956126,0,49.9292,53.1162,-105.29,1
0.644628,-0.713296,0.275072,0,0.718933,0.687968,0.0991743,0,-0.259981,0.133828,0.956295,0,49.9526,53.1205,-105.271,1
0.644827,-0.713321,0.274539,0,0.719042,0.68794,0.0985809,0,-0.259186,0.133838,0.956509,0,49.9375,53.1087,-105.253,1
0.64498,-0.713363,0.27407,0,0.719145,0.687899,0.0981058,0,-0.258517,0.13382,0.956693,0,49.931,53.1023,-105.239,1
0.645307,-0.713382,0.273249,0,0.719302,0.687872,0.0971467,0,-0.257263,0.133859,0.957026,0,49.9385,53.0854,-105.211,1
0.645492,-0.713453,0.272627,0,0.719445,0.687806,0.0965467,0,-0.256396,0.13382,0.957264,0,49.9454,53.0816,-105.17,1
0.645756,-0.713405,0.272125,0,0.719492,0.687847,0.0959034,0,-0.255598,0.133861,0.957471,0,49.927,53.0465,-105.154,1
0.645953,-0.7135,0.271408,0,0.71965,0.687768,0.0952877,0,-0.254653,0.133767,0.957736,0,49.9526,53.0332,-105.114,1
0.646166,-0.713548,0.270777,0,0.719786,0.687718,0.0946117,0,-0.253728,0.133767,0.957982,0,49.9689,53.0282,-105.071,1
0.646375,-0.713582,0.270187,0,0.71992,0.687674,0.0939085,0,-0.252812,0.133813,0.958217,0,49.9851,53.0272,-105.062,1
0.646601,-0.71364,0.269493,0,0.720057,0.687623,0.0932328,0,-0.251844,0.133766,0.958479,0,49.9877,53.0105,-105.034,1
0.646937,-0.713675,0.268591,0,0.720217,0.687587,0.0922561,0,-0.25052,0.13376,0.958827,0,49.9765,52.9865,-104.976,1
0.64722,-0.713686,0.26788,0,0.720321,0.68758,0.0914971,0,-0.249489,0.133741,0.959098,0,49.9676,52.9555,-104.948,1
0.647453,-0.713747,0.267152,0,0.720475,0.687519,0.0907365,0,-0.248435,0.133728,0.959373,0,50.0048,52.949,-104.881,1
0.647712,-0.713766,0.266473,0,0.7206,0.687493,0.0899419,0,-0.247395,0.133764,0.959637,0,49.999,52.9357,-104.877,1
0.647966,-0.713773,0.265833,0,0.720712,0.687476,0.0891726,0,-0.246403,0.133808,0.959886,0,49.9963,52.9227,-104.854,1
0.64819,-0.713802,0.265211,0,0.720817,0.68745,0.0885189,0,-0.245504,0.133791,0.960119,0,49.9759,52.9007,-104.844,1
0.648458,-0.713835,0.264466,0,0.720949,0.687415,0.0877081,0,-0.244407,0.133792,0.960398,0,49.9849,52.8838,-104.797,1
0.648807,-0.713911,0.263402,0,0.72113,0.687354,0.0866972,0,-0.242945,0.133697,0.960783,0,49.9865,52.848,-104.75,1
0.649031,-0.713976,0.262673,0,0.721283,0.687289,0.0859352,0,-0.241888,0.133687,0.961051,0,49.9944,52.8432,-104.715,1
0.64924,-0.714068,0.261905,0,0.721461,0.687198,0.0851655,0,-0.240795,0.133662,0.961329,0,50.0098,52.8456,-104.682,1
0.649516,-0.714072,0.26121,0,0.721553,0.687196,0.0844029,0,-0.239772,0.133655,0.961585,0,50.0115,52.8109,-104.667,1
0.649772,-0.714065,0.260591,0,0.721623,0.687205,0.0837252,0,-0.238865,0.133646,0.961812,0,50.0107,52.7795,-104.618,1
0.64992,-0.714096,0.260136,0,0.721737,0.687157,0.0831284,0,-0.238116,0.133723,0.961987,0,50.0036,52.7902,-104.644,1
0.650183,-0.714111,0.259439,0,0.721839,0.687143,0.0823661,0,-0.23709,0.13372,0.962241,0,50.0006,52.7644,-104.608,1
0.650375,-0.714168,0.258799,0,0.721966,0.687087,0.0817113,0,-0.236173,0.133701,0.962469,0,49.9823,52.7552,-104.611,1
0.650761,-0.714251,0.257596,0,0.722181,0.687008,0.0804708,0,-0.234447,0.133664,0.962896,0,49.9913,52.7295,-104.581,1
0.65102,-0.714296,0.256817,0,0.72232,0.68696,0.0796241,0,-0.233298,0.133667,0.963175,0,50.0045,52.7172,-104.538,1
0.651252,-0.714348,0.256081,0,0.722446,0.686913,0.0788844,0,-0.232256,0.133631,0.963431,0,49.9728,52.6947,-104.552,1
0.651542,-0.714369,0.255286,0,0.722559,0.686893,0.0780215,0,-0.23109,0.133625,0.963713,0,49.9705,52.6691,-104.495,1
0.651763,-0.714422,0.254572,0,0.722697,0.686835,0.0772393,0,-0.23003,0.133637,0.963965,0,49.9744,52.6621,-104.496,1
0.652032,-0.714497,0.253672,0,0.722856,0.686768,0.0763516,0,-0.228767,0.133584,0.964272,0,50.0032,52.6448,-104.447,1
0.652318,-0.714532,0.252835,0,0.722986,0.686732,0.0754444,0,-0.227537,0.133582,0.964564,0,50.02,52.6234,-104.394,1
0.652724,-0.714579,0.251653,0,0.723192,0.686667,0.0740413,0,-0.22571,0.133665,0.964981,0,50.0289,52.6126,-104.364,1
0.652999,-0.714627,0.2508,0,0.723323,0.686623,0.0731677,0,-0.224492,0.133631,0.96527,0,50.0477,52.5883,-104.314,1
0.653303,-0.714637,0.24998,0,0.723416,0.686617,0.0722941,0,-0.223304,0.133609,0.965549,0,50.0408,52.5488,-104.284,1
0.653594,-0.714706,0.249021,0,0.723579,0.686549,0.0712952,0,-0.22192,0.133588,0.96587,0,50.0566,52.5352,-104.237,1
0.653865,-0.714777,0.248103,0,0.723736,0.686481,0.0703538,0,-0.220605,0.133559,0.966176,0,50.0798,52.5204,-104.181,1
0.654145,-0.714817,0.247249,0,0.723865,0.68644,0.0694286,0,-0.21935,0.133559,0.966462,0,50.0948,52.4994,-104.159,1
0.65443,-0.71487,0.246338,0,0.724004,0.686388,0.0684778,0,-0.218037,0.133536,0.966762,0,50.0885,52.4777,-104.125,1
0.654794,-0.714952,0.24513,0,0.724207,0.686303,0.0671808,0,-0.216265,0.133535,0.96716,0,50.0774,52.4604,-104.087,1
0.655126,-0.714944,0.244267,0,0.724307,0.686299,0.066129,0,-0.214919,0.133601,0.967451,0,50.0845,52.4326,-104.069,1
0.65536,-0.714941,0.243645,0,0.72438,0.686294,0.0653796,0,-0.213954,0.133644,0.967659,0,50.0814,52.4146,-104.036,1
0.655506,-0.715046,0.242943,0,0.724535,0.686193,0.0647146,0,-0.212979,0.1336,0.96788,0,50.1006,52.4233,-104.001,1
0.655758,-0.715124,0.242033,0,0.724683,0.686121,0.0638127,0,-0.211698,0.133551,0.968167,0,50.098,52.4036,-103.982,1
0.656071,-0.715126,0.241178,0,0.724764,0.686121,0.0628858,0,-0.210448,0.133539,0.968442,0,50.0799,52.361,-103.957,1
0.656309,-0.715233,0.240207,0,0.724952,0.686013,0.0618913,0,-0.209052,0.133519,0.968747,0,50.1024,52.3648,-103.923,1
0.65659,-0.715298,0.239247,0,0.725093,0.685953,0.0609045,0,-0.207677,0.133487,0.969047,0,50.1037,52.3421,-103.893,1
0.657005,-0.715391,0.237825,0,0.725321,0.685849,0.0593356,0,-0.20556,0.133515,0.969494,0,50.102,52.3284,-103.866,1
0.657352,-0.715394,0.236855,0,0.725384,0.685864,0.0583916,0,-0.204223,0.133427,0.969789,0,50.0623,52.263,-103.827,1
0.657659,-0.715446,0.235843,0,0.725532,0.685803,0.0572531,0,-0.202704,0.133459,0.970103,0,50.0807,52.25,-103.788,1
0.657942,-0.715508,0.234863,0,0.725686,0.685731,0.056148,0,-0.201227,0.133495,0.970406,0,50.1138,52.2452,-103.743,1
0.658196,-0.715593,0.233892,0,0.725851,0.685641,0.0551003,0,-0.199795,0.133504,0.9707,0,50.1407,52.2426,-103.713,1
0.658546,-0.715601,0.23288,0,0.725931,0.685641,0.0540453,0,-0.198346,0.133463,0.971003,0,50.1322,52.1891,-103.679,1
0.658793,-0.715663,0.231988,0,0.726071,0.68557,0.0530478,0,-0.197009,0.133493,0.971271,0,50.1549,52.1837,-103.653,1
0.659232,-0.71573,0.23053,0,0.72624,0.685508,0.0515269,0,-0.19491,0.133452,0.9717,0,50.1456,52.1377,-103.622,1
0.659504,-0.715768,0.229631,0,0.726369,0.685452,0.0504366,0,-0.193502,0.133533,0.97197,0,50.1316,52.1342,-103.603,1
0.659811,-0.715818,0.228593,0,0.726497,0.685399,0.049304,0,-0.19197,0.133541,0.972273,0,50.1632,52.1097,-103.588,1
0.660118,-0.715884,0.227496,0,0.72663,0.685337,0.0481807,0,-0.190403,0.1335,0.972587,0,50.1809,52.0859,-103.506,1
0.660432,-0.715924,0.226458,0,0.726731,0.685304,0.0471145,0,-0.188923,0.133458,0.972881,0,50.1757,52.0452,-103.476,1
0.660712,-0.716019,0.225337,0,0.726896,0.685209,0.0459478,0,-0.187302,0.133438,0.973197,0,50.2117,52.036,-103.428,1
0.661044,-0.71607,0.224199,0,0.72702,0.685157,0.0447297,0,-0.185641,0.133429,0.973517,0,50.2278,52.0067,-103.373,1
0.661249,-0.716101,0.223494,0,0.727082,0.685136,0.044043,0,-0.184663,0.133375,0.97371,0,50.2129,51.9722,-103.369,1
0.661621,-0.716183,0.222129,0,0.727242,0.685057,0.042622,0,-0.182696,0.133342,0.974085,0,50.214,51.9429,-103.327,1
0.661893,-0.716266,0.221047,0,0.727395,0.684967,0.0414448,0,-0.181095,0.133356,0.974382,0,50.223,51.9378,-103.289,1
0.662217,-0.716289,0.219997,0,0.727494,0.684933,0.0402325,0,-0.179501,0.133404,0.974671,0,50.2094,51.9101,-103.27,1
0.662498,-0.716361,0.218914,0,0.72764,0.684849,0.0390041,0,-0.177864,0.13345,0.974965,0,50.2304,51.9073,-103.232,1
0.662795,-0.716406,0.217865,0,0.727728,0.684814,0.037962,0,-0.176393,0.133385,0.975241,0,50.2112,51.8651,-103.201,1
0.663096,-0.716463,0.216759,0,0.727835,0.684763,0.0368253,0,-0.174812,0.133346,0.975531,0,50.1833,51.8305,-103.183,1
0.663408,-0.716536,0.21556,0,0.727967,0.684689,0.0355634,0,-0.173074,0.133328,0.975843,0,50.2209,51.8084,-103.13,1
0.663861,-0.716619,0.213882,0,0.728135,0.684602,0.033748,0,-0.170608,0.133331,0.976277,0,50.2249,51.771,-103.073,1
0.664151,-0.716685,0.212757,0,0.728243,0.684543,0.0326108,0,-0.169013,0.133281,0.976561,0,50.2337,51.7382,-103.043,1
0.664421,-0.716754,0.211681,0,0.728378,0.684458,0.0313554,0,-0.167361,0.133351,0.976836,0,50.24,51.738,-103.026,1
0.664778,-0.716779,0.210471,0,0.72846,0.68443,0.0300316,0,-0.165579,0.133356,0.977139,0,50.2715,51.6961,-102.967,1
0.665062,-0.716852,0.209321,0,0.728572,0.684361,0.0288516,0,-0.163934,0.133318,0.977421,0,50.2869,51.6685,-102.934,1
0.665357,-0.716921,0.208147,0,0.728689,0.684289,0.0275943,0,-0.162216,0.133314,0.977708,0,50.2905,51.6448,-102.915,1
0.665639,-0.717013,0.206922,0,0.728814,0.684204,0.0263716,0,-0.160486,0.133254,0.978002,0,50.3091,51.6199,-102.877,1
0.665904,-0.71712,0.205697,0,0.728957,0.684099,0.0251126,0,-0.158726,0.133222,0.978294,0,50.3345,51.6062,-102.846,1
0.666337,-0.717196,0.204023,0,0.729095,0.684017,0.023285,0,-0.156255,0.133236,0.978689,0,50.3479,51.5648,-102.832,1
0.666656,-0.717245,0.202804,0,0.729185,0.683965,0.0219675,0,-0.154467,0.133237,0.978973,0,50.358,51.5323,-102.795,1
0.666979,-0.71729,0.201577,0,0.72927,0.683915,0.0206261,0,-0.152657,0.133247,0.979256,0,50.369,51.5007,-102.753,1
0.667238,-0.71738,0.2004,0,0.72938,0.683832,0.0194514,0,-0.150994,0.133189,0.979521,0,50.3491,51.4773,-102.717,1
0.667424,-0.717425,0.199615,0,0.729447,0.683784,0.0185995,0,-0.149837,0.133195,0.979698,0,50.3407,51.4612,-102.721,1
0.667648,-0.717515,0.198541,0,0.729554,0.683699,0.0175202,0,-0.148313,0.133149,0.979936,0,50.3875,51.4484,-102.657,1
0.667981,-0.717533,0.197353,0,0.729611,0.683671,0.0161674,0,-0.146525,0.133191,0.980199,0,50.3866,51.4109,-102.631,1
0.66843,-0.717579,0.195657,0,0.729713,0.683606,0.0142028,0,-0.143944,0.13328,0.98057,0,50.3593,51.3731,-102.618,1
0.668709,-0.717667,0.194379,0,0.729812,0.683526,0.0129254,0,-0.142139,0.133217,0.980842,0,50.3765,51.3436,-102.565,1
0.668967,-0.717748,0.193191,0,0.729902,0.683451,0.0117236,0,-0.140451,0.133168,0.981091,0,50.3865,51.3152,-102.535,1
0.66924,-0.717807,0.192017,0,0.729981,0.683387,0.0104549,0,-0.138727,0.133172,0.981336,0,50.4089,51.2908,-102.495,1
0.669444,-0.717917,0.190895,0,0.730092,0.683285,0.00935523,0,-0.137152,0.133108,0.981566,0,50.4201,51.2783,-102.463,1
0.669749,-0.717944,0.18972,0,0.730131,0.683259,0.00810345,0,-0.135446,0.133093,0.981805,0,50.4423,51.2343,-102.413,1
0.670074,-0.717928,0.188627,0,0.730131,0.683273,0.00688703,0,-0.133828,0.133107,0.982025,0,50.4474,51.1798,-102.357,1
0.670378,-0.718072,0.186993,0,0.730308,0.6831,0.0049867,0,-0.131315,0.133219,0.982349,0,50.5052,51.1978,-102.348,1
0.670621,-0.718116,0.18595,0,0.730353,0.683059,0.00390323,0,-0.129818,0.133192,0.982552,0,50.4895,51.1625,-102.327,1
0.67088,-0.718181,0.18476,0,0.730406,0.683008,0.00275096,0,-0.128169,0.133105,0.98278,0,50.4847,51.1178,-102.314,1
0.671121,-0.718247,0.183626,0,0.730474,0.682939,0.00154014,0,-0.126511,0.1331,0.982995,0,50.4963,51.0972,-102.282,1
0.671338,-0.71832,0.182544,0,0.730539,0.682871,0.00044737,0,-0.124975,0.133055,0.983198,0,50.4981,51.0687,-102.283,1
0.671569,-0.718358,0.18154,0,0.730575,0.682832,-0.000627965,0,-0.12351,0.13305,0.983384,0,50.4984,51.0388,-102.254,1
0.671756,-0.718477,0.180373,0,0.730685,0.682713,-0.0018224,0,-0.121833,0.13302,0.983597,0,50.5235,51.0378,-102.234,1
0.672012,-0.718488,0.179376,0,0.730709,0.682683,-0.00304136,0,-0.120272,0.133115,0.983776,0,50.5347,51.0162,-102.214,1
0.67238,-0.718557,0.177713,0,0.730755,0.682624,-0.0047318,0,-0.117911,0.133046,0.984071,0,50.5662,50.9563,-102.157,1
0.672608,-0.718593,0.176702,0,0.73078,0.682589,-0.00579899,0,-0.116447,0.13303,0.984248,0,50.5432,50.9219,-102.142,1
0.672775,-0.718645,0.175852,0,0.730825,0.682531,-0.00672831,0,-0.115189,0.133044,0.984394,0,50.5735,50.9135,-102.1,1
0.672914,-0.718711,0.175046,0,0.730866,0.682481,-0.00744686,0,-0.114114,0.132946,0.984532,0,50.5843,50.8868,-102.074,1
0.67311,-0.718786,0.173984,0,0.730933,0.682395,-0.00863283,0,-0.11252,0.132981,0.984711,0,50.5998,50.8824,-102.057,1
0.673351,-0.718789,0.173038,0,0.730918,0.682398,-0.00961579,0,-0.111169,0.132951,0.984868,0,50.5742,50.8286,-102.049,1
0.673563,-0.718849,0.171957,0,0.73096,0.682335,-0.0107673,0,-0.109592,0.132946,0.985046,0,50.6005,50.811,-101.996,1
0.673859,-0.718931,0.170446,0,0.73103,0.682231,-0.0125177,0,-0.107285,0.133036,0.985288,0,50.601,50.8014,-101.958,1
0.674048,-0.718984,0.169476,0,0.731056,0.682185,-0.0134931,0,-0.105913,0.132992,0.985442,0,50.59,50.768,-101.956,1
0.674244,-0.719053,0.168402,0,0.731095,0.68212,-0.0145862,0,-0.104382,0.132953,0.985611,0,50.6341,50.7467,-101.906,1
0.674432,-0.719089,0.167489,0,0.731104,0.68209,-0.0155016,0,-0.103096,0.132907,0.985752,0,50.5939,50.7095,-101.907,1
0.674622,-0.719168,0.166383,0,0.731153,0.68201,-0.0166633,0,-0.101491,0.132893,0.985921,0,50.6469,50.6944,-101.878,1
0.674819,-0.71919,0.165485,0,0.731159,0.681977,-0.017698,0,-0.100129,0.132939,0.986054,0,50.6381,50.6686,-101.875,1
0.67498,-0.719274,0.16446,0,0.731218,0.681884,-0.0188245,0,-0.0986026,0.132962,0.986204,0,50.6777,50.6707,-101.851,1
0.675259,-0.719323,0.163098,0,0.731223,0.681838,-0.0202532,0,-0.0966379,0.132937,0.986402,0,50.6885,50.6224,-101.824,1
0.675436,-0.719376,0.162125,0,0.73124,0.681791,-0.0212289,0,-0.0952634,0.132891,0.986542,0,50.7017,50.5921,-101.803,1
0.675582,-0.719419,0.161324,0,0.731262,0.681737,-0.0221431,0,-0.0940505,0.13293,0.986653,0,50.6899,50.583,-101.809,1
0.675714,-0.719522,0.160309,0,0.731319,0.681644,-0.0231101,0,-0.0926454,0.132853,0.986796,0,50.7347,50.5712,-101.774,1
0.675908,-0.719523,0.159483,0,0.731294,0.681639,-0.0240338,0,-0.0914173,0.132874,0.986908,0,50.7199,50.5338,-101.774,1
0.676046,-0.71959,0.158592,0,0.731326,0.681571,-0.0249588,0,-0.0901319,0.132856,0.987029,0,50.7359,50.519,-101.772,1
0.676211,-0.719627,0.157723,0,0.731339,0.681519,-0.0259918,0,-0.088787,0.132925,0.987141,0,50.7473,50.5119,-101.762,1
0.676438,-0.719716,0.156335,0,0.731366,0.681434,-0.0274135,0,-0.0868023,0.132882,0.987324,0,50.7447,50.4805,-101.738,1
0.676606,-0.719732,0.155532,0,0.731345,0.681424,-0.0282254,0,-0.0856688,0.132845,0.987428,0,50.7719,50.4446,-101.69,1
0.676676,-0.719795,0.154938,0,0.731383,0.681355,-0.0288767,0,-0.0847823,0.132859,0.987502,0,50.7834,50.449,-101.695,1
0.676865,-0.719819,0.153995,0,0.731362,0.681337,-0.0298339,0,-0.0834472,0.132819,0.987621,0,50.7707,50.4109,-101.651,1
0.677008,-0.719859,0.153179,0,0.731363,0.681298,-0.0306823,0,-0.0822734,0.132801,0.987722,0,50.7738,50.3827,-101.678,1
0.67716,-0.719922,0.152209,0,0.731377,0.681237,-0.0316827,0,-0.0808816,0.132777,0.98784,0,50.8029,50.3668,-101.624,1
0.677337,-0.719933,0.151366,0,0.73135,0.681223,-0.0326068,0,-0.0796391,0.132787,0.98794,0,50.784,50.3328,-101.624,1
0.677479,-0.719973,0.150538,0,0.731356,0.681169,-0.033582,0,-0.0783636,0.132848,0.988034,0,50.8064,50.3243,-101.615,1
0.677663,-0.720027,0.149447,0,0.731354,0.681114,-0.0347303,0,-0.0767834,0.132834,0.98816,0,50.7788,50.2946,-101.622,1
0.677829,-0.720047,0.148594,0,0.731327,0.681096,-0.0356283,0,-0.0755523,0.13282,0.988257,0,50.7605,50.2629,-101.591,1
0.677957,-0.720101,0.147749,0,0.731333,0.681043,-0.0365013,0,-0.0743385,0.1328,0.988351,0,50.7968,50.2464,-101.561,1
0.678055,-0.720173,0.146947,0,0.73136,0.68097,-0.0373322,0,-0.0731808,0.132784,0.98844,0,50.7834,50.2412,-101.552,1
0.678162,-0.720223,0.146204,0,0.731369,0.680915,-0.0381377,0,-0.0720848,0.132793,0.988519,0,50.7872,50.2283,-101.569,1
0.678277,-0.720285,0.145365,0,0.731381,0.680852,-0.0390189,0,-0.0708675,0.132783,0.988608,0,50.8261,50.2215,-101.524,1
0.678436,-0.72029,0.144595,0,0.731342,0.680846,-0.0398495,0,-0.0697438,0.132784,0.988688,0,50.8265,50.1855,-101.514,1
0.678657,-0.72032,0.143402,0,0.731305,0.680805,-0.0412015,0,-0.0679505,0.132832,0.988807,0,50.8449,50.1509,-101.504,1
0.678753,-0.720396,0.142565,0,0.731323,0.680737,-0.0419979,0,-0.0667942,0.132767,0.988894,0,50.8689,50.1397,-101.454,1
0.678895,-0.720419,0.141768,0,0.731302,0.680701,-0.042938,0,-0.0655682,0.132826,0.988968,0,50.8939,50.1259,-101.442,1
0.67898,-0.720487,0.141015,0,0.731319,0.680635,-0.043701,0,-0.0644935,0.132799,0.989043,0,50.9107,50.1182,-101.428,1
0.679089,-0.720541,0.140212,0,0.73131,0.680599,-0.044396,0,-0.0634392,0.132688,0.989126,0,50.9194,50.0853,-101.41,1
0.67921,-0.720557,0.139541,0,0.731287,0.68057,-0.0452085,0,-0.0623919,0.13275,0.989184,0,50.9224,50.0721,-101.409,1
0.67928,-0.720601,0.138969,0,0.731292,0.680525,-0.0457999,0,-0.0615683,0.132738,0.989237,0,50.9202,50.0653,-101.4,1
0.679387,-0.720638,0.138257,0,0.731278,0.68049,-0.0465364,0,-0.0605466,0.132721,0.989303,0,50.9491,50.0441,-101.395,1
0.679534,-0.72066,0.137412,0,0.731243,0.680464,-0.0474622,0,-0.0592996,0.132734,0.989376,0,50.9248,50.015,-101.402,1
0.67961,-0.720735,0.136641,0,0.731264,0.680383,-0.0482929,0,-0.0581615,0.132741,0.989443,0,50.9671,50.0183,-101.387,1
0.679747,-0.720724,0.136019,0,0.731208,0.680396,-0.0489519,0,-0.0572657,0.132733,0.989496,0,50.9477,49.981,-101.368,1
0.679806,-0.720787,0.135389,0,0.731229,0.680321,-0.0496891,0,-0.0562929,0.132779,0.989546,0,50.9528,49.9888,-101.398,1
0.679925,-0.720872,0.134336,0,0.731233,0.680235,-0.0507772,0,-0.0547761,0.132756,0.989634,0,50.9678,49.9784,-101.367,1
0.680047,-0.720867,0.133741,0,0.73118,0.68025,-0.051344,0,-0.0539651,0.132705,0.989685,0,50.9334,49.9333,-101.382,1
0.680109,-0.720947,0.132993,0,0.731202,0.680166,-0.0521319,0,-0.0528732,0.1327,0.989745,0,50.9784,49.9397,-101.346,1
0.680234,-0.721027,0.131915,0,0.731193,0.680093,-0.0531951,0,-0.0513598,0.132641,0.989833,0,50.9931,49.9172,-101.326,1
0.680371,-0.720996,0.131383,0,0.731124,0.680117,-0.0538449,0,-0.050534,0.132692,0.989868,0,50.9679,49.8851,-101.323,1
0.680452,-0.721011,0.130878,0,0.731097,0.680105,-0.0543502,0,-0.0498239,0.132667,0.989908,0,50.9738,49.8628,-101.312,1
0.680489,-0.721057,0.130429,0,0.73111,0.680049,-0.0548816,0,-0.0491252,0.132704,0.989938,0,50.9961,49.8723,-101.298,1
0.680597,-0.721076,0.129757,0,0.731074,0.68003,-0.0555919,0,-0.0481525,0.132697,0.989986,0,50.9956,49.8483,-101.299,1
0.680682,-0.721097,0.129193,0,0.731048,0.680008,-0.0561925,0,-0.0473323,0.132696,0.990026,0,50.9775,49.8294,-101.295,1
0.680725,-0.721162,0.128604,0,0.731067,0.67993,-0.0568848,0,-0.0464183,0.132741,0.990063,0,51.0013,49.8448,-101.283,1
0.68082,-0.721185,0.127974,0,0.731032,0.679921,-0.0574521,0,-0.0455783,0.132667,0.990112,0,50.9836,49.8108,-101.285,1
0.680932,-0.721248,0.127019,0,0.731013,0.679854,-0.0584713,0,-0.044182,0.132667,0.990176,0,51.0005,49.7973,-101.269,1
0.681016,-0.721261,0.126488,0,0.730981,0.67984,-0.0590371,0,-0.0434101,0.132665,0.99021,0,51.0072,49.7771,-101.248,1
0.681099,-0.721286,0.125899,0,0.730952,0.679819,-0.0596283,0,-0.0425794,0.132639,0.99025,0,51.0173,49.755,-101.255,1
0.681171,-0.721315,0.125342,0,0.730933,0.679786,-0.0602367,0,-0.0417563,0.132648,0.990283,0,51.0208,49.7451,-101.235,1
0.681233,-0.721368,0.124703,0,0.730927,0.679733,-0.0608968,0,-0.0408361,0.132634,0.990324,0,51.0472,49.7373,-101.228,1
0.681295,-0.7214,0.124179,0,0.730913,0.679697,-0.0614705,0,-0.0400596,0.132644,0.990354,0,51.0578,49.7316,-101.217,1
0.68137,-0.721427,0.123607,0,0.730887,0.679671,-0.0620615,0,-0.0392391,0.132629,0.990389,0,51.0472,49.7157,-101.202,1
0.681486,-0.721464,0.122744,0,0.730843,0.679638,-0.062936,0,-0.0380153,0.132596,0.990441,0,51.0694,49.6849,-101.189,1
0.681553,-0.721492,0.122211,0,0.730822,0.679605,-0.0635342,0,-0.0372156,0.132616,0.990469,0,51.0937,49.6795,-101.167,1
0.681623,-0.7215,0.121771,0,0.730789,0.679596,-0.0640063,0,-0.0365749,0.132617,0.990492,0,51.0665,49.6605,-101.175,1
0.681686,-0.721517,0.121316,0,0.730763,0.679578,-0.0644952,0,-0.0359089,0.132618,0.990517,0,51.0575,49.6453,-101.177,1
0.68174,-0.72155,0.120816,0,0.73075,0.679538,-0.0650597,0,-0.0351549,0.13264,0.990541,0,51.0726,49.6447,-101.162,1
0.681811,-0.721565,0.120325,0,0.730718,0.679518,-0.065617,0,-0.0344161,0.132662,0.990564,0,51.0753,49.6311,-101.165,1
0.68184,-0.721626,0.119794,0,0.730726,0.679463,-0.0661145,0,-0.0336856,0.132616,0.990595,0,51.0973,49.629,-101.146,1
0.681901,-0.721665,0.119213,0,0.730707,0.679424,-0.0667147,0,-0.0328505,0.132603,0.990625,0,51.0996,49.6173,-101.146,1
0.681957,-0.721671,0.118856,0,0.730677,0.679422,-0.0670661,0,-0.0323536,0.132582,0.990644,0,51.109,49.5987,-101.127,1
0.682048,-0.721663,0.118382,0,0.730623,0.679424,-0.0676218,0,-0.0316315,0.132614,0.990663,0,51.1131,49.5769,-101.127,1
0.682071,-0.721732,0.117825,0,0.730635,0.67936,-0.0681451,0,-0.030863,0.132567,0.990694,0,51.1281,49.5795,-101.106,1
0.682134,-0.721755,0.11732,0,0.730606,0.67934,-0.0686521,0,-0.0301505,0.132545,0.990718,0,51.1135,49.5583,-101.116,1
0.682151,-0.721774,0.117103,0,0.730605,0.679309,-0.0689596,0,-0.0297759,0.132597,0.990723,0,51.1184,49.5685,-101.12,1
0.682218,-0.721789,0.116614,0,0.730568,0.679307,-0.0693808,0,-0.0291386,0.132528,0.990751,0,51.1138,49.5378,-101.116,1
0.682285,-0.721788,0.116232,0,0.730527,0.679309,-0.0697751,0,-0.0285947,0.132517,0.990768,0,51.1118,49.5163,-101.105,1
0.682358,-0.721817,0.115617,0,0.730496,0.679265,-0.0705279,0,-0.0276265,0.132583,0.990787,0,51.1239,49.5116,-101.127,1
0.68241,-0.72184,0.115168,0,0.730471,0.679246,-0.0709735,0,-0.026996,0.13256,0.990808,0,51.123,49.4983,-101.114,1
0.682431,-0.721864,0.114894,0,0.730468,0.679213,-0.0713245,0,-0.026551,0.132601,0.990814,0,51.1231,49.5035,-101.123,1
0.682511,-0.721876,0.114344,0,0.73042,0.679208,-0.0718552,0,-0.0257927,0.132561,0.990839,0,51.1463,49.4791,-101.078,1
0.682554,-0.721889,0.114004,0,0.730398,0.679189,-0.0722585,0,-0.0252678,0.132589,0.990849,0,51.1404,49.4702,-101.104,1
0.682575,-0.72192,0.113681,0,0.730394,0.679161,-0.0725595,0,-0.0248253,0.132559,0.990864,0,51.1353,49.4649,-101.105,1
0.68257,-0.721987,0.113283,0,0.730416,0.679101,-0.0729033,0,-0.0242951,0.132505,0.990885,0,51.1534,49.4706,-101.089,1
0.682625,-0.721999,0.112875,0,0.730385,0.679081,-0.0733909,0,-0.0236634,0.132541,0.990895,0,51.1458,49.4627,-101.1,1
0.68271,-0.721984,0.112459,0,0.730326,0.679099,-0.0738193,0,-0.0230747,0.132529,0.990911,0,51.1413,49.4322,-101.085,1
0.682737,-0.722016,0.112086,0,0.730317,0.679066,-0.0742051,0,-0.0225364,0.132521,0.990924,0,51.135,49.4291,-101.088,1
0.682751,-0.72203,0.111913,0,0.730312,0.679048,-0.07442,0,-0.0222606,0.132541,0.990928,0,51.133,49.4276,-101.122,1
0.682778,-0.722055,0.111588,0,0.7303,0.679028,-0.0747196,0,-0.0218196,0.13251,0.990942,0,51.1374,49.4216,-101.087,1
0.682834,-0.722045,0.111305,0,0.730259,0.67904,-0.0750112,0,-0.0214193,0.132502,0.990951,0,51.1359,49.3998,-101.093,1
0.682828,-0.722101,0.110981,0,0.730279,0.678979,-0.0753628,0,-0.0209341,0.132507,0.990961,0,51.1501,49.4151,-101.08,1
0.68294,-0.722058,0.110565,0,0.730192,0.679018,-0.075859,0,-0.0203011,0.132541,0.99097,0,51.1256,49.3759,-101.105,1
0.682969,-0.722076,0.110274,0,0.730177,0.679,-0.0761577,0,-0.0198845,0.132533,0.990979,0,51.1319,49.3718,-101.074,1
0.682942,-0.722135,0.11005,0,0.730211,0.678935,-0.0764079,0,-0.01954,0.132542,0.990985,0,51.1445,49.3917,-101.084,1
0.682997,-0.722142,0.109666,0,0.730173,0.678938,-0.0767502,0,-0.0190319,0.132495,0.991001,0,51.1547,49.3708,-101.064,1
0.683022,-0.722157,0.109409,0,0.730161,0.678914,-0.0770845,0,-0.0186121,0.132536,0.991004,0,51.1646,49.371,-101.064,1
0.683059,-0.72217,0.109094,0,0.730137,0.678906,-0.0773762,0,-0.0181856,0.132506,0.991016,0,51.1648,49.3563,-101.06,1
0.683098,-0.722184,0.108752,0,0.730112,0.678895,-0.0777094,0,-0.0177103,0.132484,0.991027,0,51.1757,49.3464,-101.027,1
0.683137,-0.722167,0.108628,0,0.730081,0.67891,-0.0778725,0,-0.0175116,0.132505,0.991028,0,51.1638,49.3313,-101.051,1
0.683159,-0.722199,0.108269,0,0.730072,0.678874,-0.0782578,0,-0.0169836,0.132507,0.991037,0,51.1622,49.3334,-101.031,1
0.683185,-0.722193,0.108144,0,0.730054,0.678866,-0.078505,0,-0.0167196,0.132585,0.991031,0,51.1708,49.3363,-101.049,1
0.683171,-0.722239,0.107928,0,0.730073,0.678825,-0.0786775,0,-0.0164406,0.132546,0.991041,0,51.1838,49.3426,-101.052,1
0.683236,-0.722217,0.107663,0,0.73002,0.67886,-0.0788664,0,-0.0161295,0.132481,0.991055,0,51.1643,49.3069,-101.033,1
0.68324,-0.722236,0.107513,0,0.730022,0.678832,-0.0790889,0,-0.0158627,0.132524,0.991053,0,51.1698,49.316,-101.046,1
0.683261,-0.722235,0.107382,0,0.730006,0.678838,-0.0791929,0,-0.0156991,0.132499,0.991059,0,51.156,49.3014,-101.057,1
0.683271,-0.722261,0.107147,0,0.730005,0.678803,-0.0794995,0,-0.0153124,0.132538,0.99106,0,51.1836,49.3141,-101.034,1
0.683293,-0.722278,0.10689,0,0.729991,0.67879,-0.0797318,0,-0.0149673,0.132509,0.991069,0,51.1745,49.3042,-101.048,1
0.683311,-0.722289,0.106699,0,0.729979,0.67878,-0.0799284,0,-0.0146936,0.132504,0.991074,0,51.1913,49.2995,-101.039,1
0.683328,-0.722292,0.106573,0,0.729969,0.678768,-0.0801249,0,-0.0144645,0.132546,0.991071,0,51.2083,49.3034,-101.028,1
0.683355,-0.722304,0.106316,0,0.729949,0.678768,-0.0803057,0,-0.0141586,0.132483,0.991084,0,51.1985,49.2855,-101.022,1
0.683362,-0.722321,0.106157,0,0.729947,0.678749,-0.0804842,0,-0.0139184,0.132489,0.991087,0,51.2132,49.2908,-100.994,1
0.68338,-0.722304,0.106156,0,0.729932,0.678752,-0.0805864,0,-0.013846,0.132558,0.991078,0,51.2041,49.2929,-101.016,1
0.683412,-0.722301,0.105966,0,0.729906,0.678766,-0.0807157,0,-0.0136254,0.132508,0.991089,0,51.2027,49.2712,-101.016,1
0.683383,-0.722353,0.105801,0,0.729937,0.678718,-0.0808376,0,-0.0134159,0.132471,0.991096,0,51.2001,49.2826,-101.018,1
0.683387,-0.722363,0.105709,0,0.729937,0.678701,-0.0809821,0,-0.0132464,0.132503,0.991094,0,51.2053,49.2903,-101.022,1
0.683407,-0.722346,0.105693,0,0.729918,0.678712,-0.0810504,0,-0.0131885,0.132537,0.99109,0,51.1939,49.2849,-101.042,1
0.683452,-0.722334,0.105484,0,0.729881,0.678729,-0.081247,0,-0.0129078,0.132519,0.991096,0,51.1996,49.2659,-101.018,1
0.683441,-0.722365,0.105344,0,0.729895,0.678705,-0.0813257,0,-0.0127503,0.132471,0.991105,0,51.1928,49.267,-101.005,1
0.683462,-0.722363,0.105227,0,0.729877,0.678715,-0.0813937,0,-0.0126234,0.132432,0.991112,0,51.2109,49.2543,-100.996,1
0.683473,-0.722346,0.105269,0,0.729867,0.678719,-0.0814532,0,-0.0126109,0.132504,0.991102,0,51.198,49.2566,-101.031,1
0.683456,-0.722377,0.105168,0,0.729886,0.678685,-0.0815736,0,-0.0124492,0.132513,0.991103,0,51.2077,49.2712,-101.013,1
0.683482,-0.722359,0.105117,0,0.729863,0.678699,-0.0816583,0,-0.0123565,0.132533,0.991102,0,51.2158,49.2639,-101.013,1
0.683525,-0.722336,0.105001,0,0.729825,0.678731,-0.0817273,0,-0.0122332,0.132495,0.991108,0,51.1891,49.2392,-101.005,1
0.683489,-0.722372,0.104985,0,0.729859,0.678692,-0.0817452,0,-0.0122021,0.132496,0.991109,0,51.1949,49.2574,-101.009,1
0.683531,-0.722338,0.104945,0,0.729819,0.678738,-0.0817204,0,-0.0122002,0.132449,0.991115,0,51.1822,49.2266,-101.017,1
0.683558,-0.722319,0.104901,0,0.729796,0.67875,-0.0818292,0,-0.012095,0.132492,0.991111,0,51.188,49.2257,-100.997,1
0.683511,-0.722359,0.104927,0,0.729839,0.678709,-0.0817889,0,-0.0121342,0.132484,0.991111,0,51.2017,49.2428,-101.023,1
0.683485,-0.722383,0.104936,0,0.729864,0.678686,-0.0817633,0,-0.012154,0.132473,0.991112,0,51.209,49.2551,-101.006,1
0.683517,-0.722354,0.104928,0,0.729833,0.678719,-0.0817547,0,-0.0121606,0.132461,0.991114,0,51.1905,49.2365,-101.015,1
0.68353,-0.72234,0.104936,0,0.729821,0.678729,-0.0817797,0,-0.0121501,0.132483,0.991111,0,51.1969,49.2337,-101.015,1
0.683528,-0.722359,0.10482,0,0.729825,0.678718,-0.0818321,0,-0.0120307,0.132435,0.991119,0,51.1938,49.23,-101.002,1
0.683556,-0.72233,0.104835,0,0.7298,0.678738,-0.0818989,0,-0.0119977,0.132491,0.991112,0,51.1961,49.2259,-101.012,1
0.683547,-0.722349,0.104768,0,0.72981,0.678717,-0.0819842,0,-0.0118865,0.132501,0.991112,0,51.2081,49.2356,-100.995,1
0.683561,-0.722348,0.104685,0,0.729799,0.678716,-0.0820867,0,-0.0117561,0.13251,0.991112,0,51.2065,49.2325,-100.993,1
0.683545,-0.722366,0.104661,0,0.729814,0.678705,-0.0820448,0,-0.0117672,0.132464,0.991118,0,51.1929,49.2335,-100.994,1
0.683544,-0.722384,0.104542,0,0.729818,0.678682,-0.0821977,0,-0.0115728,0.132483,0.991118,0,51.2222,49.2436,-100.959,1
0.683586,-0.722349,0.10451,0,0.729779,0.678717,-0.0822492,0,-0.0115204,0.132494,0.991117,0,51.2009,49.2229,-100.962,1
0.68354,-0.722421,0.104319,0,0.729826,0.678649,-0.0823954,0,-0.0112716,0.132455,0.991125,0,51.2267,49.2467,-100.956,1
0.683587,-0.722375,0.104327,0,0.729783,0.678691,-0.0824377,0,-0.0112548,0.132489,0.991121,0,51.2065,49.2277,-100.959,1
0.683534,-0.722443,0.104201,0,0.729834,0.678622,-0.082549,0,-0.0110763,0.132475,0.991125,0,51.2378,49.2578,-100.943,1
0.683589,-0.722421,0.103992,0,0.729787,0.678648,-0.0827456,0,-0.0107972,0.132456,0.99113,0,51.2367,49.2343,-100.92,1
0.683585,-0.722448,0.103834,0,0.729795,0.678625,-0.0828746,0,-0.0105921,0.13243,0.991136,0,51.2558,49.2366,-100.901,1
0.683611,-0.722423,0.103835,0,0.72977,0.678647,-0.0829087,0,-0.0105721,0.132453,0.991133,0,51.2243,49.2262,-100.909,1
0.683598,-0.722479,0.103526,0,0.729788,0.678595,-0.0831744,0,-0.0101608,0.13241,0.991143,0,51.2491,49.2366,-100.875,1
0.683632,-0.722464,0.103408,0,0.729759,0.678599,-0.0833944,0,-0.00992286,0.132474,0.991137,0,51.269,49.2375,-100.848,1
0.683636,-0.722484,0.103249,0,0.729759,0.678584,-0.083524,0,-0.00971837,0.132447,0.991143,0,51.2725,49.2357,-100.834,1
0.683679,-0.72247,0.103057,0,0.729721,0.678607,-0.0836691,0,-0.00948658,0.132406,0.99115,0,51.255,49.2152,-100.803,1
0.683649,-0.72251,0.102974,0,0.729752,0.678556,-0.0838067,0,-0.00932258,0.13244,0.991147,0,51.2693,49.2366,-100.819,1
0.683655,-0.722536,0.102748,0,0.72975,0.678533,-0.0840201,0,-0.00901045,0.132421,0.991153,0,51.2944,49.2395,-100.779,1
0.683675,-0.722547,0.102541,0,0.729734,0.678526,-0.0842003,0,-0.00873835,0.132394,0.991159,0,51.2934,49.2291,-100.781,1
0.683696,-0.722558,0.102323,0,0.729719,0.678512,-0.0844559,0,-0.00840292,0.132409,0.99116,0,51.3068,49.231,-100.757,1
0.683738,-0.722577,0.101905,0,0.729686,0.678489,-0.0849159,0,-0.00778298,0.132419,0.991163,0,51.3477,49.2277,-100.692,1
0.6837,-0.722632,0.101773,0,0.729724,0.67844,-0.0849879,0,-0.00763212,0.132373,0.991171,0,51.3366,49.2385,-100.705,1
0.683732,-0.722646,0.101463,0,0.729698,0.678428,-0.0853034,0,-0.00719146,0.132362,0.991175,0,51.3674,49.2332,-100.659,1
0.683735,-0.722676,0.101222,0,0.729699,0.678394,-0.0855688,0,-0.00682977,0.132368,0.991177,0,51.3735,49.2393,-100.648,1
0.683797,-0.722655,0.100953,0,0.729644,0.678411,-0.0858919,0,-0.00641761,0.132393,0.991177,0,51.383,49.2241,-100.597,1
0.683773,-0.722721,0.100646,0,0.72967,0.678357,-0.0861073,0,-0.00604223,0.132316,0.991189,0,51.3909,49.2321,-100.578,1
0.683815,-0.722731,0.100285,0,0.729635,0.67835,-0.0864575,0,-0.00554302,0.132293,0.991195,0,51.4137,49.2216,-100.51,1
0.683841,-0.72275,0.0999677,0,0.729614,0.678318,-0.0868846,0,-0.00501397,0.132353,0.99119,0,51.4212,49.2284,-100.487,1
0.683824,-0.722807,0.0996768,0,0.729632,0.678264,-0.0871499,0,-0.00461463,0.132323,0.991196,0,51.429,49.2405,-100.471,1
0.683852,-0.722821,0.0993767,0,0.729609,0.678247,-0.0874765,0,-0.00417216,0.132327,0.991197,0,51.4506,49.2326,-100.468,1
0.683878,-0.722846,0.0990176,0,0.729587,0.678219,-0.0878767,0,-0.00363428,0.132339,0.991198,0,51.4744,49.2345,-100.429,1
0.683894,-0.722884,0.0986328,0,0.729575,0.678187,-0.0882201,0,-0.00311866,0.132293,0.991206,0,51.4771,49.232,-100.38,1
0.683882,-0.722938,0.0983173,0,0.729588,0.678138,-0.088495,0,-0.00269628,0.132251,0.991213,0,51.5035,49.238,-100.351,1
0.683905,-0.722969,0.097932,0,0.729569,0.6781,-0.0889378,0,-0.00210835,0.132273,0.991211,0,51.5264,49.2455,-100.312,1
0.683934,-0.722996,0.0975232,0,0.729542,0.678069,-0.0893912,0,-0.00149797,0.132285,0.991211,0,51.5301,49.2439,-100.28,1
0.683983,-0.723009,0.097087,0,0.729497,0.678056,-0.0898518,0,-0.000866808,0.132282,0.991212,0,51.5697,49.2349,-100.209,1
0.683997,-0.723032,0.0968114,0,0.729485,0.678021,-0.0902181,0,-0.000409573,0.132331,0.991206,0,51.5871,49.2447,-100.195,1
0.684014,-0.723061,0.0964768,0,0.729469,0.677995,-0.0905432,0,5.75185e-05,0.13231,0.991209,0,51.6134,49.2433,-100.15,1
0.684034,-0.723092,0.0961027,0,0.72945,0.677964,-0.0909285,0,0.000595585,0.1323,0.99121,0,51.5985,49.2404,-100.14,1
0.684059,-0.723132,0.0956256,0,0.729426,0.677917,-0.0914656,0,0.00131542,0.13232,0.991206,0,51.6348,49.2476,-100.087,1
0.684073,-0.723168,0.0952502,0,0.729412,0.677878,-0.0918687,0,0.00186854,0.132322,0.991205,0,51.6647,49.2486,-100.07,1
0.684084,-0.723225,0.0947418,0,0.729399,0.677834,-0.0922894,0,0.00252675,0.132238,0.991215,0,51.6828,49.2428,-100.004,1
0.684103,-0.723283,0.0941558,0,0.729378,0.677769,-0.0929383,0,0.00340488,0.132254,0.99121,0,51.7064,49.2553,-99.9417,1
0.684162,-0.723284,0.0937225,0,0.72932,0.67777,-0.0933831,0,0.00402009,0.132243,0.991209,0,51.7159,49.2332,-99.9117,1
0.684177,-0.723337,0.0931953,0,0.7293,0.677708,-0.093989,0,0.00482652,0.132272,0.991202,0,51.7456,49.2465,-99.8665,1
0.684184,-0.723395,0.0926947,0,0.729289,0.677653,-0.0944691,0,0.00552359,0.132235,0.991203,0,51.7856,49.2487,-99.8141,1
0.684227,-0.723418,0.0921946,0,0.729243,0.677636,-0.0949475,0,0.00621244,0.132198,0.991204,0,51.794,49.2337,-99.7734,1
0.684237,-0.723466,0.0917439,0,0.729228,0.677587,-0.0954091,0,0.00686081,0.132185,0.991202,0,51.8121,49.2386,-99.7309,1
0.684241,-0.723527,0.0912335,0,0.729217,0.67753,-0.0958969,0,0.00757064,0.132146,0.991202,0,51.8481,49.2452,-99.6599,1
0.684249,-0.723612,0.0904984,0,0.729198,0.677439,-0.0966827,0,0.00865362,0.132146,0.991192,0,51.8801,49.2614,-99.5955,1
0.684309,-0.72362,0.0899727,0,0.729132,0.677435,-0.0972046,0,0.00938857,0.13212,0.991189,0,51.8962,49.2381,-99.5424,1
0.684303,-0.7237,0.0893799,0,0.729126,0.677354,-0.0978125,0,0.0102451,0.132103,0.991183,0,51.9207,49.2523,-99.4971,1
0.684357,-0.723707,0.0889038,0,0.729065,0.677347,-0.0983164,0,0.0109335,0.1321,0.991176,0,51.9193,49.236,-99.4442,1
0.684339,-0.723811,0.0881932,0,0.729067,0.677249,-0.0989747,0,0.0119102,0.132031,0.991174,0,51.9931,49.2533,-99.3536,1
0.684399,-0.723812,0.0877167,0,0.728998,0.677239,-0.0995463,0,0.0126477,0.132075,0.991159,0,51.9913,49.2413,-99.3249,1
0.684402,-0.723897,0.086989,0,0.728976,0.677153,-0.10029,0,0.0136944,0.132051,0.991148,0,52.0551,49.254,-99.2416,1
0.684436,-0.723948,0.0862958,0,0.728925,0.6771,-0.101016,0,0.0146994,0.132042,0.991135,0,52.0678,49.2515,-99.1784,1
0.684453,-0.723991,0.085803,0,0.728894,0.677055,-0.101538,0,0.015419,0.132039,0.991125,0,52.0749,49.2533,-99.1227,1
0.684431,-0.724077,0.0852438,0,0.728898,0.676975,-0.102042,0,0.0161785,0.131975,0.991121,0,52.1196,49.2668,-99.0564,1
0.684506,-0.724078,0.0846317,0,0.728808,0.676973,-0.102699,0,0.0170685,0.131978,0.991106,0,52.1399,49.2462,-98.9769,1
0.684546,-0.724117,0.0839731,0,0.728747,0.676935,-0.103374,0,0.0180109,0.13196,0.991092,0,52.1594,49.2334,-98.9316,1
0.68453,-0.724213,0.0832719,0,0.728737,0.676839,-0.104075,0,0.019011,0.131926,0.991077,0,52.225,49.2496,-98.8633,1
0.684551,-0.724267,0.0826359,0,0.728694,0.676788,-0.104708,0,0.0199094,0.131894,0.991064,0,52.2475,49.2489,-98.7851,1
0.684587,-0.724298,0.0820599,0,0.728636,0.676751,-0.105348,0,0.0207693,0.131912,0.991044,0,52.2611,49.2436,-98.7296,1
0.684582,-0.724421,0.0810073,0,0.728595,0.676624,-0.106442,0,0.022297,0.131889,0.991014,0,52.3289,49.2625,-98.6507,1
0.684595,-0.724474,0.0804225,0,0.728557,0.676571,-0.10704,0,0.0231365,0.131872,0.990997,0,52.3636,49.2625,-98.5948,1
0.684607,-0.724554,0.0795957,0,0.72851,0.676506,-0.107767,0,0.0242362,0.131764,0.990985,0,52.4134,49.2548,-98.5038,1
0.684663,-0.72457,0.0789605,0,0.728425,0.676483,-0.108484,0,0.0251888,0.131792,0.990957,0,52.4191,49.2418,-98.4419,1
0.684666,-0.724641,0.0782842,0,0.728387,0.676412,-0.109177,0,0.0261616,0.131771,0.990935,0,52.4662,49.2461,-98.3889,1
0.684687,-0.724698,0.0775656,0,0.728328,0.676346,-0.109979,0,0.0272401,0.131794,0.990903,0,52.4948,49.2506,-98.3356,1
0.684689,-0.724778,0.0767977,0,0.728286,0.676273,-0.110696,0,0.0282941,0.131723,0.990883,0,52.5458,49.2506,-98.2516,1
