-0.106713,0.835953,-0.538326,0,0.0507181,0.545289,0.836712,0,0.992996,0.0619856,-0.100588,0,55.2722,36.1357,-38.6054,1
-0.106713,0.835946,-0.538337,0,0.0506746,0.545298,0.836709,0,0.992998,0.0620077,-0.100552,0,55.265,36.1338,-38.6043,1
-0.106678,0.835934,-0.538364,0,0.050619,0.545317,0.8367,0,0.993004,0.0620059,-0.100487,0,55.2298,36.1383,-38.6336,1
-0.106676,0.835948,-0.538341,0,0.0506252,0.545295,0.836714,0,0.993004,0.0620035,-0.10049,0,55.2206,36.1379,-38.6179,1
-0.106585,0.835933,-0.538382,0,0.0505714,0.545323,0.836699,0,0.993017,0.0619531,-0.100398,0,55.1873,36.1501,-38.6468,1
-0.106665,0.835906,-0.538408,0,0.0505278,0.545355,0.836681,0,0.99301,0.0620401,-0.100407,0,55.1587,36.133,-38.6451,1
-0.106601,0.835925,-0.538392,0,0.0505103,0.545331,0.836698,0,0.993018,0.0619989,-0.100356,0,55.1524,36.1591,-38.6438,1
-0.106601,0.835869,-0.538479,0,0.0503408,0.545407,0.836658,0,0.993027,0.0620813,-0.100219,0,55.076,36.1715,-38.6665,1
-0.106591,0.835882,-0.53846,0,0.0503344,0.545387,0.836672,0,0.993028,0.0620783,-0.100207,0,55.0185,36.1585,-38.6659,1
-0.106516,0.835856,-0.538515,0,0.0502378,0.545429,0.83665,0,0.993041,0.0620631,-0.100089,0,54.9481,36.1873,-38.6682,1
-0.106616,0.835851,-0.538504,0,0.0501939,0.545425,0.836656,0,0.993033,0.062171,-0.100105,0,54.9035,36.1661,-38.6722,1
-0.106609,0.83582,-0.538554,0,0.0500887,0.545467,0.836634,0,0.993039,0.0622175,-0.100017,0,54.8052,36.1572,-38.6818,1
-0.106598,0.835803,-0.538581,0,0.0500256,0.54549,0.836623,0,0.993043,0.0622397,-0.0999599,0,54.7597,36.1751,-38.652,1
-0.106618,0.835827,-0.538541,0,0.0499492,0.545447,0.836656,0,0.993045,0.0623031,-0.0999033,0,54.6747,36.1532,-38.6614,1
-0.106636,0.835788,-0.538598,0,0.0498541,0.545499,0.836627,0,0.993048,0.0623634,-0.0998373,0,54.5897,36.1577,-38.6385,1
-0.10671,0.835789,-0.538581,0,0.049838,0.545489,0.836635,0,0.993041,0.0624355,-0.0998632,0,54.5103,36.1697,-38.604,1
-0.106698,0.835771,-0.538612,0,0.0498112,0.545518,0.836618,0,0.993043,0.0624364,-0.0998362,0,54.4326,36.1627,-38.5799,1
-0.1067,0.835737,-0.538665,0,0.0496576,0.545561,0.836599,0,0.993051,0.062516,-0.0997119,0,54.3297,36.1719,-38.5881,1
-0.106738,0.835751,-0.538635,0,0.0495822,0.54553,0.836624,0,0.99305,0.062593,-0.0996672,0,54.2622,36.1619,-38.5776,1
-0.106753,0.835719,-0.538682,0,0.049486,0.545572,0.836602,0,0.993053,0.0626526,-0.0995978,0,54.1769,36.1649,-38.5841,1
-0.106673,0.835693,-0.538738,0,0.0494215,0.545617,0.836577,0,0.993065,0.0626151,-0.099504,0,54.0986,36.1742,-38.5827,1
-0.106685,0.835684,-0.53875,0,0.0493154,0.545623,0.836579,0,0.993069,0.062682,-0.099422,0,54.0235,36.1898,-38.569,1
-0.106699,0.835658,-0.538787,0,0.0491833,0.545653,0.836567,0,0.993074,0.0627618,-0.0993213,0,53.8677,36.2006,-38.5585,1
-0.106706,0.835603,-0.538871,0,0.0489658,0.545724,0.836533,0,0.993084,0.0628765,-0.0991478,0,53.7412,36.196,-38.5576,1
-0.106693,0.835585,-0.538901,0,0.0488223,0.545743,0.836529,0,0.993093,0.0629418,-0.0990224,0,53.6177,36.1859,-38.5747,1
-0.106691,0.835547,-0.538961,0,0.0486986,0.545796,0.836502,0,0.993099,0.0630004,-0.0989213,0,53.496,36.1934,-38.5687,1
-0.106759,0.835526,-0.53898,0,0.048526,0.54581,0.836503,0,0.9931,0.0631493,-0.0988146,0,53.3686,36.1942,-38.55,1
-0.106702,0.835517,-0.539006,0,0.0484245,0.545824,0.8365,0,0.993111,0.0631553,-0.0987,0,53.2507,36.209,-38.5462,1
-0.106647,0.835485,-0.539065,0,0.0482728,0.545868,0.836479,0,0.993125,0.0631858,-0.0985463,0,53.117,36.2277,-38.5417,1
-0.106673,0.835456,-0.539105,0,0.0481162,0.545901,0.836467,0,0.993129,0.0632888,-0.0984319,0,52.9775,36.2291,-38.5379,1
-0.106651,0.835384,-0.539221,0,0.047831,0.545997,0.836421,0,0.993145,0.063414,-0.0981886,0,52.7297,36.2369,-38.5513,1
-0.106624,0.835339,-0.539296,0,0.0476322,0.546056,0.836394,0,0.993158,0.0634919,-0.0980119,0,52.587,36.2515,-38.5403,1
-0.10662,0.835314,-0.539336,0,0.0474356,0.546084,0.836387,0,0.993168,0.0635919,-0.0978469,0,52.4137,36.2533,-38.531,1
-0.106621,0.835277,-0.539393,0,0.047241,0.546128,0.836369,0,0.993177,0.0636933,-0.0976881,0,52.2534,36.261,-38.532,1
-0.106589,0.835228,-0.539476,0,0.0470714,0.546197,0.836333,0,0.993188,0.0637499,-0.0975338,0,52.0935,36.2735,-38.5178,1
-0.106618,0.835198,-0.539515,0,0.0468805,0.546227,0.836324,0,0.993194,0.0638747,-0.0973924,0,51.9411,36.2665,-38.5161,1
-0.106571,0.835168,-0.539571,0,0.0467411,0.54627,0.836304,0,0.993206,0.063906,-0.0972533,0,51.7971,36.2816,-38.5015,1
-0.106607,0.835144,-0.539601,0,0.0465424,0.546291,0.836302,0,0.993211,0.0640413,-0.097108,0,51.554,36.2952,-38.4576,1
-0.106624,0.835093,-0.539676,0,0.0462842,0.546351,0.836277,0,0.993222,0.064189,-0.0969059,0,51.3781,36.2796,-38.4658,1
-0.106634,0.83505,-0.539742,0,0.0461169,0.546407,0.83625,0,0.993228,0.0642818,-0.0967757,0,51.2629,36.2885,-38.4685,1
-0.106709,0.835052,-0.539724,0,0.0460631,0.546393,0.836262,0,0.993223,0.0643748,-0.0967698,0,51.1321,36.2758,-38.4215,1
-0.1067,0.835002,-0.539803,0,0.045809,0.546454,0.836235,0,0.993235,0.0644983,-0.0965571,0,50.9361,36.277,-38.4196,1
-0.106621,0.834973,-0.539864,0,0.0456471,0.546497,0.836216,0,0.993251,0.0645154,-0.0963824,0,50.7689,36.2963,-38.4134,1
-0.106576,0.834914,-0.539963,0,0.0453185,0.54657,0.836186,0,0.993271,0.0646472,-0.0960883,0,50.559,36.2948,-38.4339,1
-0.106627,0.83483,-0.540083,0,0.0450081,0.546676,0.836134,0,0.99328,0.0648466,-0.0958646,0,50.2582,36.315,-38.4167,1
-0.106517,0.834765,-0.540204,0,0.0446278,0.546762,0.836098,0,0.993309,0.0649508,-0.0954932,0,50.0139,36.3196,-38.4012,1
-0.106466,0.834716,-0.540291,0,0.0443747,0.546827,0.836069,0,0.993326,0.0650381,-0.0952589,0,49.8051,36.3406,-38.4023,1
-0.106438,0.834656,-0.540389,0,0.0441671,0.546908,0.836027,0,0.993338,0.0651181,-0.0950765,0,49.5777,36.3496,-38.3819,1
-0.106413,0.834584,-0.540505,0,0.0437795,0.546997,0.835989,0,0.993358,0.0652969,-0.0947452,0,49.3271,36.3599,-38.4106,1
-0.106472,0.834554,-0.54054,0,0.0436088,0.547027,0.835979,0,0.993359,0.0654359,-0.0946367,0,49.1102,36.3403,-38.3938,1
-0.106193,0.834555,-0.540594,0,0.043563,0.547051,0.835965,0,0.993391,0.065224,-0.0944487,0,48.9053,36.3342,-38.3895,1
-0.106281,0.834485,-0.540685,0,0.0433503,0.547136,0.83592,0,0.993391,0.0654037,-0.0943254,0,48.7082,36.3068,-38.3738,1
-0.106252,0.834403,-0.540817,0,0.0429339,0.547238,0.835875,0,0.993412,0.0655944,-0.0939695,0,48.3886,36.3471,-38.3805,1
-0.10622,0.834377,-0.540863,0,0.0426401,0.547262,0.835874,0,0.993428,0.0657238,-0.0937079,0,48.1872,36.3637,-38.3904,1
-0.106241,0.83434,-0.540916,0,0.0423368,0.547297,0.835867,0,0.993439,0.065903,-0.0934688,0,47.982,36.3827,-38.3677,1
-0.10633,0.83428,-0.540992,0,0.0419349,0.547355,0.83585,0,0.993446,0.0661895,-0.0931856,0,47.758,36.4078,-38.3925,1
-0.106377,0.834276,-0.540987,0,0.0418603,0.54735,0.835857,0,0.993445,0.0662702,-0.0931485,0,47.5757,36.4091,-38.3715,1
-0.10635,0.834218,-0.541083,0,0.0415957,0.547425,0.83582,0,0.993458,0.0663826,-0.0929184,0,47.3686,36.4199,-38.367,1
-0.106294,0.834177,-0.541157,0,0.0413605,0.547479,0.835797,0,0.993474,0.0664581,-0.0926959,0,47.2006,36.4596,-38.3664,1
-0.106312,0.834121,-0.54124,0,0.0411002,0.547545,0.835766,0,0.993483,0.0666072,-0.0924934,0,46.9176,36.4492,-38.369,1
-0.106287,0.834082,-0.541305,0,0.0408693,0.547594,0.835746,0,0.993495,0.0667066,-0.0922906,0,46.7161,36.4535,-38.3516,1
-0.106332,0.834039,-0.541362,0,0.0406732,0.547641,0.835724,0,0.993499,0.0668457,-0.092155,0,46.5536,36.4528,-38.3229,1
-0.106433,0.834004,-0.541396,0,0.0404785,0.547672,0.835714,0,0.993496,0.0670327,-0.0920495,0,46.3806,36.4319,-38.3033,1
-0.106372,0.833977,-0.54145,0,0.0402835,0.547707,0.8357,0,0.99351,0.0670839,-0.0918564,0,46.2326,36.4335,-38.3225,1
-0.106325,0.833946,-0.541506,0,0.0402024,0.547754,0.835673,0,0.993518,0.0670835,-0.0917667,0,46.1274,36.4621,-38.3166,1
-0.106314,0.833934,-0.541527,0,0.0400249,0.547761,0.835677,0,0.993527,0.06717,-0.091613,0,45.9686,36.4407,-38.304,1
-0.106364,0.833889,-0.541586,0,0.0397548,0.547807,0.83566,0,0.993532,0.0673531,-0.0914177,0,45.7611,36.4565,-38.2748,1
-0.106338,0.833862,-0.541633,0,0.0396271,0.547843,0.835642,0,0.99354,0.0673974,-0.0913001,0,45.615,36.466,-38.2747,1
-0.106338,0.833827,-0.541688,0,0.0394521,0.547886,0.835623,0,0.993547,0.0674882,-0.0911576,0,45.4558,36.4642,-38.2627,1
-0.106345,0.833809,-0.541713,0,0.0393149,0.547903,0.835618,0,0.993552,0.0675667,-0.0910479,0,45.3292,36.4763,-38.25,1
-0.106325,0.833787,-0.541751,0,0.0391189,0.547925,0.835612,0,0.993562,0.0676537,-0.0908749,0,45.1727,36.4555,-38.2453,1
-0.10632,0.833751,-0.541807,0,0.038956,0.54797,0.83559,0,0.993569,0.0677335,-0.09074,0,45.0447,36.4713,-38.2487,1
-0.106387,0.833724,-0.541836,0,0.0388759,0.548,0.835575,0,0.993565,0.0678302,-0.090712,0,44.9432,36.4683,-38.2213,1
-0.106332,0.8337,-0.541884,0,0.0387105,0.548032,0.835561,0,0.993577,0.0678707,-0.0905464,0,44.8101,36.4574,-38.2354,1
-0.10635,0.833639,-0.541975,0,0.0384861,0.548109,0.835521,0,0.993584,0.0679992,-0.0903747,0,44.6358,36.4684,-38.2202,1
-0.106361,0.833615,-0.542008,0,0.0383716,0.548136,0.835509,0,0.993587,0.0680681,-0.0902877,0,44.5311,36.4609,-38.2297,1
-0.106382,0.833607,-0.542018,0,0.0382192,0.548136,0.835516,0,0.993591,0.0681681,-0.0901714,0,44.411,36.4502,-38.2221,1
-0.106366,0.833566,-0.542083,0,0.0380392,0.548188,0.83549,0,0.993599,0.0682474,-0.0900167,0,44.297,36.4549,-38.227,1
-0.106416,0.833513,-0.542154,0,0.0375903,0.548233,0.835481,0,0.993611,0.068529,-0.0896728,0,44.164,36.4681,-38.2127,1
-0.106452,0.833472,-0.542211,0,0.0374615,0.548284,0.835453,0,0.993612,0.0686238,-0.0895891,0,44.073,36.4767,-38.2101,1
-0.106542,0.833475,-0.542189,0,0.0372732,0.548257,0.835479,0,0.993609,0.0688049,-0.0894789,0,43.9745,36.4791,-38.2027,1
-0.106608,0.833418,-0.542264,0,0.0369402,0.548316,0.835456,0,0.993615,0.0690348,-0.0892413,0,43.8227,36.4906,-38.2213,1
-0.106868,0.833406,-0.54223,0,0.0367427,0.548291,0.83548,0,0.993594,0.0693634,-0.0892165,0,43.7596,36.4613,-38.1997,1
-0.106896,0.833384,-0.542259,0,0.0366313,0.548314,0.83547,0,0.993595,0.0694446,-0.0891404,0,43.6821,36.4813,-38.1887,1
-0.107022,0.833357,-0.542276,0,0.0363389,0.548323,0.835477,0,0.993592,0.069709,-0.0889659,0,43.606,36.4966,-38.1992,1
-0.107124,0.833343,-0.542277,0,0.0361968,0.548323,0.835483,0,0.993587,0.0698719,-0.088903,0,43.5376,36.5137,-38.1926,1
-0.107336,0.833349,-0.542226,0,0.0358832,0.548269,0.835532,0,0.993575,0.0702259,-0.0887522,0,43.4338,36.4707,-38.1931,1
-0.107501,0.833343,-0.542203,0,0.0356752,0.548245,0.835557,0,0.993565,0.0704798,-0.0886664,0,43.3715,36.4789,-38.1615,1
-0.107574,0.833348,-0.54218,0,0.0356026,0.548223,0.835574,0,0.993559,0.0705834,-0.0886441,0,43.3156,36.4766,-38.159,1
-0.10778,0.833287,-0.542233,0,0.0353026,0.548274,0.835554,0,0.993548,0.0709136,-0.08851,0,43.2081,36.4885,-38.1609,1
-0.10798,0.833255,-0.542243,0,0.0349918,0.54828,0.835563,0,0.993537,0.0712504,-0.0883605,0,43.1299,36.465,-38.1715,1
-0.108201,0.83325,-0.542206,0,0.0347829,0.548248,0.835592,0,0.99352,0.0715526,-0.0883038,0,43.0759,36.4555,-38.1542,1
-0.108382,0.833215,-0.542224,0,0.0344832,0.548259,0.835597,0,0.993511,0.0718662,-0.0881534,0,43.0042,36.4558,-38.1509,1
-0.108652,0.833204,-0.542186,0,0.0342986,0.548233,0.835622,0,0.993488,0.0721961,-0.0881446,0,42.9657,36.4468,-38.1451,1
-0.108841,0.833213,-0.542135,0,0.0339752,0.548174,0.835674,0,0.993478,0.0725366,-0.0879723,0,42.9134,36.4615,-38.1391,1
-0.109079,0.833216,-0.542082,0,0.0337551,0.548126,0.835714,0,0.99346,0.0728613,-0.0879146,0,42.871,36.4558,-38.1207,1
-0.109552,0.833183,-0.542038,0,0.0332886,0.54809,0.835757,0,0.993424,0.0735152,-0.0877799,0,42.7994,36.4417,-38.1155,1
-0.10979,0.833144,-0.54205,0,0.0329864,0.5481,0.835762,0,0.993407,0.073878,-0.0876582,0,42.7397,36.438,-38.104,1
-0.110092,0.833128,-0.542013,0,0.0327267,0.54807,0.835792,0,0.993383,0.0742757,-0.0876036,0,42.6875,36.4187,-38.0962,1
-0.110345,0.833108,-0.541992,0,0.0324163,0.548048,0.835819,0,0.993365,0.0746588,-0.0874804,0,42.6415,36.4364,-38.0832,1
-0.110666,0.833117,-0.541912,0,0.0320787,0.547971,0.835882,0,0.99334,0.0751198,-0.0873669,0,42.6079,36.4105,-38.0768,1
-0.111029,0.833146,-0.541794,0,0.0317507,0.54786,0.835967,0,0.99331,0.0756142,-0.0872813,0,42.5619,36.3888,-38.0546,1
-0.111312,0.833104,-0.541801,0,0.0314899,0.547872,0.835969,0,0.993287,0.0759924,-0.0872192,0,42.544,36.3833,-38.0427,1
-0.111491,0.833061,-0.54183,0,0.0312034,0.547895,0.835965,0,0.993276,0.0762958,-0.0870797,0,42.4951,36.405,-38.0502,1
-0.111918,0.833038,-0.541777,0,0.0307591,0.547845,0.836014,0,0.993241,0.0769009,-0.0869375,0,42.4529,36.4089,-38.0441,1
-0.112284,0.833028,-0.541717,0,0.0305491,0.547801,0.836051,0,0.993207,0.0773258,-0.0869572,0,42.426,36.3924,-38.0094,1
-0.112508,0.833053,-0.541632,0,0.030052,0.547696,0.836137,0,0.993196,0.0777955,-0.0866554,0,42.3603,36.3609,-38.0088,1
-0.112789,0.832994,-0.541663,0,0.0297392,0.547728,0.836128,0,0.993174,0.0781972,-0.08655,0,42.3206,36.3593,-38.013,1
-0.113189,0.832968,-0.541621,0,0.0293739,0.547691,0.836165,0,0.993139,0.0787352,-0.08646,0,42.2972,36.3668,-38.0087,1
-0.113704,0.832929,-0.541574,0,0.0289235,0.547653,0.836206,0,0.993094,0.0794154,-0.0863614,0,42.2685,36.3717,-37.9887,1
-0.114058,0.83298,-0.541421,0,0.0285594,0.547501,0.836318,0,0.993063,0.0799264,-0.0862364,0,42.2353,36.3551,-37.9558,1
-0.11456,0.832937,-0.541381,0,0.0279142,0.547452,0.836371,0,0.993024,0.0807023,-0.0859667,0,42.1504,36.3331,-37.9672,1
-0.114922,0.832929,-0.541315,0,0.0275475,0.547388,0.836425,0,0.992993,0.0812121,-0.0858523,0,42.1414,36.3421,-37.9286,1
-0.115337,0.832938,-0.541213,0,0.0271253,0.547287,0.836506,0,0.992956,0.0817993,-0.0857159,0,42.0834,36.2934,-37.907,1
-0.115683,0.832882,-0.541227,0,0.0266521,0.547291,0.836518,0,0.992929,0.0823463,-0.0855105,0,42.0407,36.2963,-37.9165,1
-0.11614,0.832836,-0.541198,0,0.0262177,0.547266,0.836548,0,0.992887,0.0829674,-0.0853943,0,42.0007,36.2918,-37.8947,1
-0.116585,0.832812,-0.54114,0,0.0257407,0.547207,0.836602,0,0.992847,0.0836061,-0.0852334,0,41.9524,36.286,-37.9042,1
-0.117096,0.832804,-0.541042,0,0.0253635,0.54712,0.83667,0,0.992797,0.0842484,-0.0851886,0,41.9321,36.2998,-37.8552,1
-0.117706,0.832789,-0.540933,0,0.0245714,0.546995,0.836775,0,0.992745,0.0852018,-0.0848472,0,41.8411,36.2535,-37.8809,1
-0.118138,0.832776,-0.540859,0,0.0242404,0.546929,0.836828,0,0.992701,0.0857508,-0.0848001,0,41.8087,36.2352,-37.8618,1
-0.118664,0.832737,-0.540804,0,0.0238672,0.546887,0.836866,0,0.992648,0.0863987,-0.0847711,0,41.7979,36.226,-37.8273,1
-0.119128,0.832725,-0.54072,0,0.0232868,0.546792,0.836945,0,0.992606,0.0871119,-0.0845297,0,41.7277,36.228,-37.8144,1
-0.119569,0.832734,-0.540609,0,0.0228237,0.546677,0.837032,0,0.992564,0.0877443,-0.0843716,0,41.702,36.2419,-37.8057,1
-0.119942,0.83271,-0.540562,0,0.0224842,0.546632,0.837071,0,0.992526,0.0882457,-0.0842868,0,41.6863,36.2353,-37.7992,1
-0.120326,0.832689,-0.54051,0,0.022121,0.54658,0.837115,0,0.992488,0.0887697,-0.0841874,0,41.654,36.2209,-37.7813,1
-0.120601,0.832602,-0.540583,0,0.0216708,0.546636,0.83709,0,0.992465,0.0892387,-0.0839677,0,41.6092,36.2358,-37.7948,1
-0.121289,0.832628,-0.54039,0,0.0209529,0.546435,0.837239,0,0.992396,0.0902248,-0.0837222,0,41.5238,36.1846,-37.7561,1
-0.121808,0.832565,-0.54037,0,0.0204807,0.546416,0.837264,0,0.992342,0.090918,-0.0836092,0,41.4991,36.1858,-37.7519,1
-0.122315,0.832574,-0.540241,0,0.0199935,0.546284,0.837361,0,0.99229,0.0916206,-0.0834649,0,41.4589,36.1761,-37.7271,1
-0.122729,0.832552,-0.540181,0,0.0194973,0.546214,0.837419,0,0.992249,0.0922436,-0.0832688,0,41.4141,36.1514,-37.7299,1
-0.123451,0.832504,-0.540091,0,0.0189625,0.546133,0.837484,0,0.99217,0.0931466,-0.083207,0,41.3892,36.1501,-37.6714,1
-0.123962,0.832453,-0.540051,0,0.0183896,0.546083,0.83753,0,0.992117,0.0938908,-0.0830021,0,41.3193,36.1356,-37.6712,1
-0.124296,0.83242,-0.540026,0,0.0178372,0.546033,0.837574,0,0.992085,0.0944748,-0.082718,0,41.2831,36.1246,-37.6685,1
-0.125087,0.832409,-0.53986,0,0.0170669,0.545858,0.837704,0,0.991999,0.0955717,-0.0824862,0,41.2185,36.0987,-37.625,1
-0.125758,0.832355,-0.539788,0,0.0164597,0.545784,0.837765,0,0.991925,0.0964705,-0.0823367,0,41.1857,36.1114,-37.6025,1
-0.126415,0.832315,-0.539695,0,0.0157458,0.545675,0.837849,0,0.991852,0.0974191,-0.0820871,0,41.1061,36.0879,-37.595,1
-0.126986,0.832291,-0.539599,0,0.0152505,0.545577,0.837922,0,0.991787,0.0981751,-0.0819733,0,41.0603,36.0578,-37.5903,1
-0.12763,0.832271,-0.539478,0,0.0147055,0.545454,0.838012,0,0.991713,0.099022,-0.0818552,0,41.0305,36.0304,-37.5418,1
-0.128151,0.832258,-0.539375,0,0.0141878,0.545342,0.838094,0,0.991653,0.0997503,-0.0816941,0,40.9831,36.0213,-37.5357,1
-0.128889,0.832174,-0.539327,0,0.0135043,0.545286,0.838141,0,0.991567,0.100744,-0.0815196,0,40.9209,35.9872,-37.5159,1
-0.129938,0.832125,-0.539152,0,0.0126048,0.545104,0.838274,0,0.991442,0.102128,-0.0813188,0,40.8611,36.0018,-37.4688,1
-0.13048,0.83211,-0.539045,0,0.0119992,0.544978,0.838365,0,0.991378,0.102921,-0.0810932,0,40.8172,35.9825,-37.4647,1
-0.131129,0.83201,-0.539041,0,0.011206,0.544945,0.838397,0,0.991302,0.103898,-0.0807817,0,40.728,35.9601,-37.4392,1
-0.131614,0.832015,-0.538914,0,0.0107092,0.544805,0.838494,0,0.991243,0.104586,-0.0806141,0,40.6781,35.9436,-37.4224,1
-0.132204,0.831939,-0.538888,0,0.0101964,0.544773,0.838522,0,0.99117,0.105361,-0.0805037,0,40.638,35.9303,-37.415,1
-0.132896,0.831906,-0.538768,0,0.00953703,0.544638,0.838617,0,0.991084,0.10631,-0.080314,0,40.5885,35.9105,-37.3828,1
-0.133601,0.831884,-0.538629,0,0.00894211,0.544491,0.838719,0,0.990995,0.107237,-0.0801831,0,40.5264,35.8576,-37.3507,1
-0.134312,0.831809,-0.538567,0,0.00824901,0.544411,0.838778,0,0.990905,0.108216,-0.0799826,0,40.451,35.8426,-37.3333,1
-0.135168,0.831745,-0.538452,0,0.00715838,0.544245,0.838896,0,0.990797,0.109537,-0.0795183,0,40.3716,35.8434,-37.3067,1
-0.135896,0.831687,-0.538357,0,0.00642198,0.544127,0.838979,0,0.990703,0.110557,-0.0792856,0,40.3256,35.8391,-37.2802,1
-0.136483,0.831658,-0.538254,0,0.00579786,0.544,0.839065,0,0.990626,0.111398,-0.0790687,0,40.2529,35.8208,-37.2716,1
-0.137163,0.83158,-0.538201,0,0.00521628,0.543936,0.839111,0,0.990535,0.112287,-0.0789454,0,40.2013,35.7859,-37.2599,1
-0.137749,0.831551,-0.538097,0,0.00465009,0.543813,0.839194,0,0.990456,0.113095,-0.0787763,0,40.1574,35.7917,-37.2217,1
-0.13844,0.831526,-0.537958,0,0.00397936,0.543651,0.839302,0,0.990363,0.114052,-0.0785718,0,40.1033,35.7776,-37.1995,1
-0.139096,0.831465,-0.537883,0,0.00341585,0.543562,0.839362,0,0.990273,0.114915,-0.0784476,0,40.0533,35.7566,-37.1877,1
-0.139843,0.831449,-0.537715,0,0.00275012,0.543375,0.839486,0,0.99017,0.115917,-0.0782738,0,40.0202,35.7328,-37.1619,1
-0.1404,0.831362,-0.537704,0,0.00197776,0.543317,0.839525,0,0.990093,0.116806,-0.0779261,0,39.9385,35.7146,-37.1441,1
-0.140811,0.831351,-0.537614,0,0.00145235,0.543197,0.839604,0,0.990035,0.117445,-0.0776956,0,39.8922,35.7199,-37.131,1
-0.141478,0.831284,-0.537542,0,0.000922389,0.543114,0.839659,0,0.989941,0.118298,-0.0776057,0,39.8355,35.6877,-37.0879,1
-0.142119,0.831228,-0.537459,0,0.000282846,0.543004,0.83973,0,0.98985,0.11919,-0.0774065,0,39.793,35.6977,-37.108,1
-0.14266,0.831211,-0.537342,0,-0.000219658,0.542869,0.839818,0,0.989772,0.119926,-0.0772628,0,39.7305,35.6377,-37.0728,1
-0.143133,0.831151,-0.537309,0,-0.000722833,0.542811,0.839855,0,0.989703,0.120599,-0.0770934,0,39.6968,35.6611,-37.053,1
-0.143999,0.831091,-0.53717,0,-0.00159462,0.542632,0.839969,0,0.989577,0.121811,-0.0768132,0,39.6097,35.635,-37.0428,1
-0.14443,0.831044,-0.537128,0,-0.00205057,0.542566,0.840011,0,0.989513,0.122424,-0.0766588,0,39.5687,35.6251,-36.9974,1
-0.144813,0.830976,-0.53713,0,-0.00254636,0.542537,0.840028,0,0.989456,0.123015,-0.0764507,0,39.5296,35.6222,-37.0057,1
-0.145336,0.830988,-0.536969,0,-0.00295959,0.542364,0.840138,0,0.989378,0.123692,-0.0763656,0,39.4983,35.6116,-36.9765,1
-0.145759,0.830938,-0.536933,0,-0.00344865,0.542299,0.840179,0,0.989314,0.124315,-0.0761792,0,39.4424,35.5858,-36.9803,1
-0.146292,0.830896,-0.536852,0,-0.00389652,0.542203,0.840239,0,0.989234,0.125012,-0.0760823,0,39.4027,35.5832,-36.9653,1
-0.146821,0.830862,-0.53676,0,-0.00448021,0.542077,0.840317,0,0.989153,0.125781,-0.0758658,0,39.3515,35.5578,-36.9652,1
-0.147361,0.830809,-0.536695,0,-0.00490404,0.541999,0.840365,0,0.989071,0.126469,-0.0757952,0,39.3195,35.5486,-36.9206,1
-0.148121,0.830755,-0.536568,0,-0.00575945,0.541819,0.840475,0,0.988953,0.127583,-0.0754704,0,39.2546,35.5446,-36.9065,1
-0.148532,0.830682,-0.536568,0,-0.00625593,0.541787,0.840493,0,0.988888,0.128197,-0.0752759,0,39.1949,35.5299,-36.8718,1
-0.148985,0.830623,-0.536534,0,-0.00672506,0.541726,0.840529,0,0.988817,0.128835,-0.0751231,0,39.1542,35.517,-36.8838,1
-0.149453,0.830564,-0.536495,0,-0.00725199,0.541653,0.840571,0,0.988742,0.129516,-0.0749282,0,39.0899,35.486,-36.8703,1
-0.149851,0.830588,-0.536347,0,-0.00757542,0.541492,0.840672,0,0.98868,0.130039,-0.0748511,0,39.0749,35.4541,-36.8346,1
-0.15036,0.830538,-0.536283,0,-0.00804009,0.541405,0.840724,0,0.988599,0.130723,-0.0747283,0,39.0179,35.442,-36.8256,1
-0.150919,0.830474,-0.536225,0,-0.00853898,0.541323,0.840772,0,0.988509,0.131467,-0.0746047,0,38.9873,35.4511,-36.8198,1
-0.151453,0.830447,-0.536116,0,-0.0091294,0.541174,0.840861,0,0.988422,0.132245,-0.0743809,0,38.9389,35.4505,-36.8073,1
-0.151874,0.830419,-0.53604,0,-0.00937343,0.541097,0.840908,0,0.988355,0.132737,-0.0743948,0,38.9151,35.4177,-36.7794,1
-0.152235,0.830375,-0.536006,0,-0.00972814,0.541042,0.84094,0,0.988297,0.133235,-0.0742876,0,38.8919,35.4058,-36.7724,1
-0.152664,0.830381,-0.535875,0,-0.0102516,0.540871,0.841043,0,0.988225,0.133891,-0.0740588,0,38.8173,35.3603,-36.7573,1
-0.152981,0.830348,-0.535835,0,-0.0105652,0.540812,0.841077,0,0.988173,0.13433,-0.0739608,0,38.8046,35.3792,-36.7449,1
-0.153385,0.830281,-0.535823,0,-0.0109485,0.540779,0.841094,0,0.988106,0.134878,-0.0738572,0,38.7709,35.3796,-36.7406,1
-0.15369,0.830245,-0.535792,0,-0.0112221,0.540733,0.84112,0,0.988055,0.135285,-0.0737883,0,38.7491,35.386,-36.7163,1
-0.153982,0.830209,-0.535764,0,-0.0115723,0.540678,0.84115,0,0.988006,0.135722,-0.0736469,0,38.7196,35.3949,-36.7257,1
-0.154409,0.830127,-0.535769,0,-0.0121841,0.540631,0.841172,0,0.987932,0.136412,-0.0733639,0,38.6406,35.3771,-36.7264,1
-0.154704,0.830125,-0.535687,0,-0.0125284,0.540522,0.841237,0,0.987881,0.136854,-0.0732209,0,38.6276,35.3677,-36.6954,1
-0.155128,0.830107,-0.535591,0,-0.012819,0.540417,0.8413,0,0.987811,0.137375,-0.0731926,0,38.6,35.3279,-36.6627,1
-0.155501,0.830082,-0.535522,0,-0.0130678,0.54034,0.841345,0,0.98775,0.137828,-0.0731758,0,38.5819,35.3295,-36.6282,1
-0.155708,0.830017,-0.535563,0,-0.0134367,0.540346,0.841336,0,0.987712,0.138199,-0.0729833,0,38.5317,35.329,-36.6605,1
-0.155993,0.829989,-0.535523,0,-0.0136732,0.540294,0.841365,0,0.987664,0.13857,-0.0729336,0,38.5119,35.3167,-36.657,1
-0.156323,0.829964,-0.535465,0,-0.0139425,0.540222,0.841407,0,0.987608,0.138997,-0.0728776,0,38.5035,35.3052,-36.6429,1
-0.156867,0.829928,-0.535361,0,-0.0144624,0.540084,0.841487,0,0.987514,0.139744,-0.0727185,0,38.4559,35.2906,-36.6336,1
-0.157088,0.829927,-0.535299,0,-0.0147158,0.540001,0.841536,0,0.987475,0.140073,-0.0726148,0,38.4398,35.2937,-36.6115,1
-0.157352,0.829873,-0.535305,0,-0.0149772,0.53999,0.841538,0,0.987429,0.140435,-0.0725396,0,38.4001,35.2907,-36.6082,1
-0.157617,0.829871,-0.535231,0,-0.0150545,0.539923,0.84158,0,0.987386,0.140705,-0.0726077,0,38.4137,35.2718,-36.5917,1
-0.157871,0.829803,-0.53526,0,-0.0153758,0.539926,0.841572,0,0.98734,0.14109,-0.0724797,0,38.3615,35.2549,-36.5847,1
-0.158065,0.829773,-0.535251,0,-0.0156251,0.539896,0.841587,0,0.987305,0.141389,-0.0723732,0,38.3393,35.2561,-36.5889,1
-0.158253,0.829823,-0.535117,0,-0.0159538,0.539727,0.841689,0,0.98727,0.141737,-0.0721747,0,38.2982,35.2405,-36.5829,1
-0.158531,0.829774,-0.535111,0,-0.0162119,0.539704,0.841699,0,0.987221,0.142111,-0.0721075,0,38.2686,35.221,-36.5739,1
-0.158879,0.829728,-0.535079,0,-0.0165451,0.53965,0.841727,0,0.987159,0.142586,-0.072011,0,38.2591,35.2307,-36.572,1
-0.159066,0.829699,-0.535069,0,-0.0167636,0.539621,0.841741,0,0.987126,0.142862,-0.0719266,0,38.2267,35.2193,-36.5582,1
-0.159229,0.82966,-0.535081,0,-0.0169068,0.539625,0.841736,0,0.987097,0.143075,-0.0718968,0,38.2293,35.2307,-36.5652,1
-0.159347,0.829653,-0.535056,0,-0.0170164,0.539593,0.841754,0,0.987076,0.143236,-0.0718646,0,38.1984,35.2123,-36.5355,1
-0.159507,0.829643,-0.535024,0,-0.0171462,0.539553,0.841777,0,0.987048,0.143443,-0.0718373,0,38.2015,35.2171,-36.5366,1
-0.159729,0.829598,-0.535028,0,-0.0174225,0.539533,0.841785,0,0.987007,0.143779,-0.0717253,0,38.1723,35.2054,-36.532,1
-0.159877,0.829584,-0.535005,0,-0.0175719,0.539499,0.841803,0,0.986981,0.143986,-0.071676,0,38.1567,35.2154,-36.5332,1
-0.16017,0.829587,-0.534912,0,-0.0178955,0.539379,0.841873,0,0.986927,0.144415,-0.0715463,0,38.125,35.1953,-36.515,1
-0.160277,0.829592,-0.534873,0,-0.0179945,0.539332,0.841901,0,0.986908,0.144562,-0.0715146,0,38.101,35.1923,-36.4931,1
-0.1604,0.829557,-0.53489,0,-0.0181527,0.539336,0.841895,0,0.986885,0.14475,-0.0714507,0,38.0966,35.2083,-36.5214,1
-0.160575,0.829527,-0.534885,0,-0.0183115,0.53932,0.841902,0,0.986854,0.144983,-0.0714112,0,38.0867,35.209,-36.5144,1
-0.160753,0.829522,-0.534837,0,-0.0183545,0.539279,0.841927,0,0.986824,0.145159,-0.0714652,0,38.1003,35.2023,-36.485,1
-0.160798,0.829509,-0.534844,0,-0.0184527,0.539275,0.841928,0,0.986815,0.14525,-0.0714077,0,38.0668,35.1864,-36.4809,1
-0.160973,0.829496,-0.534812,0,-0.0186224,0.53923,0.841953,0,0.986783,0.145491,-0.0713541,0,38.0513,35.1785,-36.4924,1
-0.161129,0.829456,-0.534828,0,-0.0188127,0.539229,0.841949,0,0.986754,0.145724,-0.0712812,0,38.0509,35.1912,-36.4841,1
-0.161255,0.829457,-0.534788,0,-0.0188287,0.539195,0.84197,0,0.986733,0.145842,-0.0713305,0,38.0427,35.1637,-36.4647,1
-0.161337,0.829449,-0.534776,0,-0.0188927,0.53918,0.841979,0,0.986719,0.145946,-0.0713193,0,38.0479,35.1658,-36.4624,1
-0.161414,0.829427,-0.534787,0,-0.0190503,0.539174,0.841979,0,0.986703,0.146095,-0.0712292,0,38.0338,35.1846,-36.4798,1
-0.161513,0.829414,-0.534776,0,-0.0190915,0.539164,0.841985,0,0.986686,0.146201,-0.0712472,0,38.0312,35.1839,-36.4736,1
-0.16147,0.829456,-0.534725,0,-0.0192065,0.539091,0.842028,0,0.986691,0.146233,-0.0711163,0,38.0154,35.1785,-36.488,1
-0.161579,0.829461,-0.534685,0,-0.0192454,0.539053,0.842052,0,0.986672,0.146348,-0.071136,0,38.0187,35.1529,-36.4701,1
-0.161722,0.829443,-0.53467,0,-0.0193262,0.539036,0.842061,0,0.986647,0.146513,-0.0711437,0,38.0005,35.1556,-36.4602,1
-0.161688,0.829457,-0.534657,0,-0.0193258,0.53902,0.842071,0,0.986653,0.146486,-0.0711233,0,37.9972,35.1642,-36.4653,1
-0.161667,0.829426,-0.534712,0,-0.019412,0.539062,0.842043,0,0.986654,0.146511,-0.0710479,0,37.9795,35.155,-36.4806,1
-0.161722,0.82942,-0.534705,0,-0.0193769,0.539064,0.842042,0,0.986646,0.146538,-0.0711068,0,38.0008,35.1544,-36.4645,1
-0.161779,0.829424,-0.53468,0,-0.0193521,0.539047,0.842054,0,0.986637,0.146574,-0.0711554,0,37.9987,35.1518,-36.4463,1
-0.161767,0.829414,-0.534701,0,-0.0194532,0.539052,0.842048,0,0.986637,0.146617,-0.0710659,0,37.9683,35.1568,-36.469,1
-0.161757,0.829427,-0.534684,0,-0.0194205,0.539039,0.842057,0,0.986639,0.146593,-0.0710856,0,37.9901,35.1533,-36.4744,1
-0.161695,0.829433,-0.534693,0,-0.0194072,0.539045,0.842053,0,0.98665,0.146533,-0.0710642,0,37.9983,35.1783,-36.4768,1
-0.161705,0.829424,-0.534703,0,-0.0194372,0.539052,0.842049,0,0.986648,0.146557,-0.0710455,0,37.9827,35.1652,-36.4738,1
-0.161722,0.829415,-0.534712,0,-0.019476,0.539056,0.842045,0,0.986644,0.146591,-0.0710237,0,37.9674,35.1532,-36.4762,1
-0.161744,0.829424,-0.534692,0,-0.0194413,0.539043,0.842054,0,0.986641,0.146592,-0.0710616,0,37.9859,35.1611,-36.4708,1
-0.161715,0.829436,-0.534681,0,-0.0194355,0.539031,0.842062,0,0.986646,0.146566,-0.0710489,0,37.9902,35.1479,-36.4818,1
-0.161746,0.829439,-0.534667,0,-0.0193518,0.539031,0.842064,0,0.986643,0.146547,-0.071135,0,38.0044,35.1579,-36.4621,1
-0.161625,0.829445,-0.534695,0,-0.0193253,0.539055,0.842049,0,0.986663,0.146429,-0.0710954,0,37.9825,35.1446,-36.4665,1
-0.161559,0.829453,-0.534702,0,-0.0192578,0.539067,0.842043,0,0.986675,0.146337,-0.0711175,0,37.9787,35.1366,-36.4607,1
-0.161446,0.829448,-0.534745,0,-0.019148,0.539119,0.842012,0,0.986696,0.146179,-0.0711564,0,37.9907,35.1289,-36.4948,1
-0.161329,0.829474,-0.53474,0,-0.0190654,0.539117,0.842015,0,0.986717,0.146036,-0.0711609,0,37.9991,35.1295,-36.502,1
-0.161209,0.829494,-0.534745,0,-0.0189111,0.539136,0.842006,0,0.986739,0.145852,-0.0712273,0,38.0163,35.1065,-36.4787,1
-0.16106,0.829522,-0.534746,0,-0.0188151,0.539141,0.842006,0,0.986765,0.145675,-0.0712264,0,38.0152,35.113,-36.4894,1
-0.160987,0.829525,-0.534763,0,-0.0187026,0.539169,0.84199,0,0.98678,0.145551,-0.0712848,0,38.0438,35.1432,-36.4781,1
-0.160923,0.829564,-0.534722,0,-0.0184802,0.539155,0.842004,0,0.986794,0.145379,-0.0714319,0,38.0837,35.1478,-36.453,1
-0.160703,0.829567,-0.534783,0,-0.0184187,0.539211,0.84197,0,0.986831,0.145157,-0.0713731,0,38.0624,35.1391,-36.4835,1
-0.160447,0.829597,-0.534813,0,-0.0182383,0.539249,0.841949,0,0.986876,0.144842,-0.0713902,0,38.0881,35.1604,-36.4987,1
-0.160276,0.82962,-0.53483,0,-0.0180975,0.539274,0.841936,0,0.986906,0.144621,-0.0714186,0,38.1004,35.1684,-36.5105,1
-0.160075,0.829665,-0.534819,0,-0.0179269,0.539273,0.84194,0,0.986942,0.144361,-0.0714509,0,38.1189,35.1664,-36.5063,1
-0.159812,0.829671,-0.534889,0,-0.0177106,0.539356,0.841892,0,0.986989,0.144018,-0.0715017,0,38.1367,35.1798,-36.5209,1
-0.159583,0.829718,-0.534884,0,-0.0175605,0.539356,0.841895,0,0.987028,0.143745,-0.0715017,0,38.1499,35.1701,-36.5326,1
-0.15929,0.829727,-0.534958,0,-0.0174017,0.539433,0.841849,0,0.987079,0.143408,-0.0714878,0,38.1861,35.2108,-36.5053,1
-0.15906,0.829732,-0.535019,0,-0.0173719,0.539482,0.841818,0,0.987116,0.143194,-0.0713961,0,38.1692,35.2068,-36.5123,1
-0.15883,0.829767,-0.535033,0,-0.0171124,0.539517,0.841801,0,0.987158,0.142859,-0.0714921,0,38.196,35.2208,-36.5164,1
-0.158553,0.829786,-0.535085,0,-0.0168899,0.539582,0.841764,0,0.987206,0.142502,-0.0715372,0,38.2275,35.2605,-36.5191,1
-0.158374,0.829817,-0.535091,0,-0.0166971,0.539602,0.841755,0,0.987238,0.142246,-0.0716033,0,38.2641,35.2648,-36.5428,1
-0.158089,0.829841,-0.535137,0,-0.0164631,0.539662,0.841721,0,0.987288,0.141877,-0.0716527,0,38.2792,35.2933,-36.5547,1
-0.15788,0.829882,-0.535135,0,-0.0161889,0.539684,0.841712,0,0.987326,0.141553,-0.0717706,0,38.3128,35.2849,-36.5372,1
-0.157626,0.829898,-0.535185,0,-0.0159926,0.539744,0.841677,0,0.987369,0.14123,-0.0718057,0,38.326,35.2988,-36.5539,1
-0.157396,0.829933,-0.5352,0,-0.0157336,0.539779,0.84166,0,0.98741,0.140895,-0.0719012,0,38.3723,35.307,-36.5599,1
-0.157096,0.829987,-0.535204,0,-0.0155037,0.539793,0.841655,0,0.987462,0.140518,-0.0719315,0,38.3786,35.3168,-36.5605,1
-0.156683,0.830036,-0.535248,0,-0.0150463,0.539873,0.841612,0,0.987534,0.13992,-0.0720998,0,38.4258,35.3282,-36.5731,1
-0.156311,0.830086,-0.535279,0,-0.0147631,0.539917,0.841589,0,0.987598,0.139452,-0.0721402,0,38.4424,35.3145,-36.5921,1
-0.155988,0.83014,-0.53529,0,-0.0144289,0.539951,0.841573,0,0.987654,0.138999,-0.072248,0,38.4833,35.3376,-36.5835,1
-0.155644,0.830172,-0.53534,0,-0.0141154,0.54002,0.841534,0,0.987713,0.138536,-0.0723324,0,38.5129,35.3463,-36.5922,1
-0.155336,0.830199,-0.535388,0,-0.013833,0.540085,0.841497,0,0.987765,0.138121,-0.0724105,0,38.5634,35.3815,-36.6042,1
-0.154962,0.830233,-0.535443,0,-0.0134829,0.540163,0.841453,0,0.987828,0.137613,-0.0725106,0,38.5815,35.3759,-36.626,1
-0.154645,0.830272,-0.535475,0,-0.0131674,0.540215,0.841424,0,0.987882,0.137173,-0.072609,0,38.6006,35.3816,-36.6185,1
-0.154243,0.830329,-0.535502,0,-0.0128446,0.540257,0.841402,0,0.98795,0.136659,-0.0726656,0,38.642,35.4104,-36.6259,1
-0.153786,0.830397,-0.535529,0,-0.0123979,0.540312,0.841374,0,0.988026,0.136031,-0.0727973,0,38.7017,35.4653,-36.6364,1
-0.153348,0.830432,-0.535601,0,-0.0120397,0.540401,0.841322,0,0.988099,0.135464,-0.0728713,0,38.7057,35.4365,-36.659,1
-0.15288,0.830521,-0.535596,0,-0.0115573,0.540428,0.841311,0,0.988177,0.13481,-0.073022,0,38.7594,35.4318,-36.6462,1
-0.152514,0.830562,-0.535636,0,-0.0112112,0.540487,0.841278,0,0.988238,0.134312,-0.0731204,0,38.7909,35.4348,-36.6612,1
-0.152141,0.830616,-0.53566,0,-0.0108881,0.540527,0.841256,0,0.988299,0.133822,-0.0731926,0,38.8162,35.4852,-36.6582,1
-0.15185,0.830644,-0.535698,0,-0.0106565,0.540575,0.841228,0,0.988346,0.133449,-0.0732346,0,38.8335,35.477,-36.6618,1
-0.151527,0.830682,-0.535731,0,-0.0103286,0.540629,0.841198,0,0.988399,0.132998,-0.0733402,0,38.891,35.4984,-36.6696,1
-0.150698,0.830752,-0.535855,0,-0.00983471,0.540759,0.84112,0,0.988531,0.132025,-0.073321,0,38.9201,35.5326,-36.6878,1
-0.150329,0.830816,-0.53586,0,-0.00944024,0.540788,0.841106,0,0.988591,0.131501,-0.0734532,0,38.9552,35.5422,-36.6789,1
-0.149964,0.83083,-0.535941,0,-0.00914634,0.540882,0.841049,0,0.988649,0.131029,-0.0735137,0,38.9866,35.5589,-36.7091,1
-0.149417,0.830907,-0.535974,0,-0.00856492,0.540951,0.841011,0,0.988737,0.130252,-0.0737108,0,39.0366,35.5819,-36.711,1
-0.148845,0.830933,-0.536094,0,-0.00818302,0.541079,0.840932,0,0.988827,0.129555,-0.0737371,0,39.0554,35.5921,-36.7277,1
-0.148428,0.830959,-0.536168,0,-0.00791395,0.541159,0.840883,0,0.988892,0.129054,-0.0737471,0,39.091,35.635,-36.7477,1
-0.147928,0.831015,-0.53622,0,-0.00753046,0.541223,0.840845,0,0.98897,0.128422,-0.073804,0,39.1207,35.6426,-36.7353,1
-0.147359,0.831093,-0.536256,0,-0.0070175,0.541282,0.840812,0,0.989058,0.127664,-0.0739305,0,39.1839,35.6608,-36.7536,1
-0.146729,0.831165,-0.536317,0,-0.006397,0.541376,0.840756,0,0.989156,0.126794,-0.0741188,0,39.2249,35.6853,-36.7515,1
-0.146104,0.831232,-0.536384,0,-0.00590958,0.541459,0.840707,0,0.989252,0.126,-0.0741969,0,39.2586,35.689,-36.792,1
-0.145712,0.831303,-0.53638,0,-0.00544288,0.541485,0.840693,0,0.989312,0.125419,-0.0743762,0,39.3134,35.687,-36.7791,1
-0.145156,0.831288,-0.536555,0,-0.0050402,0.54167,0.840576,0,0.989396,0.124719,-0.0744369,0,39.3426,35.7306,-36.8188,1
-0.144599,0.831334,-0.536634,0,-0.00464302,0.541758,0.840522,0,0.989479,0.12403,-0.0744776,0,39.3706,35.7343,-36.8242,1
-0.144045,0.831388,-0.536698,0,-0.00417759,0.541839,0.840472,0,0.989562,0.123308,-0.0745758,0,39.4158,35.7578,-36.814,1
-0.143473,0.831462,-0.536737,0,-0.00370694,0.541893,0.840439,0,0.989647,0.12257,-0.074665,0,39.4715,35.8066,-36.8304,1
-0.14266,0.831581,-0.53677,0,-0.00284582,0.54197,0.840393,0,0.989768,0.121418,-0.0749511,0,39.5513,35.8072,-36.8227,1
-0.141924,0.831666,-0.536832,0,-0.00224625,0.54205,0.840343,0,0.989875,0.120471,-0.0750619,0,39.6159,35.8463,-36.8454,1
-0.141469,0.831709,-0.536886,0,-0.0018246,0.542121,0.840299,0,0.989941,0.119856,-0.0751755,0,39.6464,35.8379,-36.863,1
-0.140931,0.831775,-0.536925,0,-0.00140782,0.542169,0.840268,0,0.990019,0.119176,-0.0752373,0,39.6852,35.8627,-36.8897,1
-0.140483,0.831805,-0.536996,0,-0.00103966,0.542251,0.840216,0,0.990083,0.118594,-0.0753122,0,39.7248,35.9045,-36.8988,1
-0.139926,0.831886,-0.537017,0,-0.000444531,0.5423,0.840185,0,0.990162,0.117803,-0.0755123,0,39.7754,35.8961,-36.8846,1
-0.139183,0.831961,-0.537093,0,6.23316e-05,0.54238,0.840134,0,0.990267,0.116899,-0.0755417,0,39.8259,35.942,-36.9321,1
-0.1382,0.832035,-0.537233,0,0.000802919,0.542532,0.840035,0,0.990404,0.115662,-0.075646,0,39.8935,35.9824,-36.9486,1
-0.137495,0.832095,-0.537321,0,0.00141647,0.542638,0.839966,0,0.990502,0.11473,-0.0757887,0,39.939,36.0062,-36.9568,1
-0.13691,0.83215,-0.537385,0,0.00207669,0.542733,0.839903,0,0.990581,0.113876,-0.0760339,0,40.0187,36.0447,-36.9492,1
-0.136238,0.832192,-0.537491,0,0.00258857,0.542847,0.839828,0,0.990673,0.113025,-0.0761104,0,40.056,36.0593,-36.9905,1
-0.135531,0.832264,-0.537558,0,0.00336193,0.542947,0.83976,0,0.990768,0.112006,-0.0763839,0,40.1205,36.0566,-36.9955,1
-0.134664,0.832355,-0.537634,0,0.00394432,0.543022,0.839709,0,0.990884,0.110958,-0.0764086,0,40.173,36.0978,-37.0393,1
-0.133953,0.832392,-0.537755,0,0.00444312,0.543144,0.839628,0,0.990978,0.110082,-0.0764545,0,40.2009,36.119,-37.0503,1
-0.133161,0.832496,-0.537791,0,0.00515744,0.543198,0.839589,0,0.991081,0.109027,-0.0766264,0,40.2976,36.1692,-37.0358,1
-0.131981,0.832593,-0.537932,0,0.00616937,0.543358,0.839478,0,0.991233,0.107476,-0.0768494,0,40.3777,36.1945,-37.0823,1
-0.131322,0.832687,-0.537947,0,0.00686926,0.543398,0.839447,0,0.991316,0.106543,-0.0770803,0,40.4623,36.2215,-37.0772,1
-0.130556,0.83275,-0.538036,0,0.00752171,0.543497,0.839378,0,0.991413,0.105539,-0.0772206,0,40.517,36.2402,-37.0914,1
-0.129904,0.832814,-0.538096,0,0.00817464,0.543575,0.839321,0,0.991493,0.104632,-0.0774206,0,40.581,36.267,-37.1001,1
-0.1292,0.832809,-0.538272,0,0.00876024,0.543759,0.839196,0,0.99158,0.103709,-0.0775492,0,40.6087,36.2808,-37.1288,1
-0.128338,0.832878,-0.538371,0,0.0094214,0.54386,0.839123,0,0.991686,0.102619,-0.0776447,0,40.6546,36.2908,-37.1321,1
-0.127633,0.832932,-0.538455,0,0.0100179,0.54395,0.839058,0,0.991771,0.101697,-0.07777,0,40.7012,36.3067,-37.1647,1
-0.126529,0.833058,-0.538521,0,0.0110596,0.544035,0.83899,0,0.991901,0.1002,-0.0780492,0,40.8156,36.3617,-37.1678,1
-0.125889,0.833077,-0.538641,0,0.0115144,0.544151,0.838908,0,0.991977,0.0994077,-0.0780953,0,40.8427,36.3794,-37.2107,1
-0.125201,0.83316,-0.538673,0,0.0121138,0.544189,0.838876,0,0.992057,0.0985032,-0.0782259,0,40.9013,36.4007,-37.2087,1
-0.124509,0.833177,-0.538807,0,0.0126526,0.544322,0.838781,0,0.992138,0.0976183,-0.0783147,0,40.9373,36.3951,-37.2263,1
-0.123675,0.833221,-0.538931,0,0.0134205,0.544456,0.838682,0,0.992232,0.0964912,-0.0785178,0,41.0238,36.4522,-37.2291,1
-0.122977,0.833309,-0.538956,0,0.0141456,0.544495,0.838645,0,0.992309,0.09551,-0.0787479,0,41.0902,36.4794,-37.2199,1
-0.12205,0.833382,-0.539054,0,0.0148999,0.544591,0.838569,0,0.992412,0.0943155,-0.0788847,0,41.1713,36.5162,-37.2463,1
-0.120742,0.83349,-0.539182,0,0.0159696,0.544716,0.838469,0,0.992555,0.0926282,-0.0790808,0,41.2559,36.568,-37.3011,1
-0.119871,0.833563,-0.539262,0,0.0168032,0.544804,0.838395,0,0.992647,0.0914376,-0.0793125,0,41.3375,36.6143,-37.3055,1
-0.118993,0.833636,-0.539345,0,0.0175298,0.544883,0.838329,0,0.992741,0.0903002,-0.0794505,0,41.4042,36.6395,-37.3125,1
-0.118005,0.833666,-0.539515,0,0.0182393,0.545039,0.838212,0,0.992846,0.0890732,-0.079523,0,41.4617,36.6859,-37.3555,1
-0.11716,0.833718,-0.539619,0,0.0190213,0.545145,0.838126,0,0.992931,0.0879306,-0.0797276,0,41.5377,36.7071,-37.3728,1
-0.116282,0.833811,-0.539665,0,0.0198774,0.545196,0.838073,0,0.993017,0.0867253,-0.0799703,0,41.6289,36.7444,-37.3825,1
-0.115321,0.833875,-0.539772,0,0.0206845,0.545295,0.837989,0,0.993113,0.0854729,-0.0801323,0,41.6988,36.7865,-37.4111,1
-0.114267,0.833925,-0.539919,0,0.0214937,0.545427,0.837883,0,0.993218,0.0841378,-0.0802486,0,41.7509,36.7926,-37.4297,1
-0.112896,0.833997,-0.540096,0,0.0226627,0.545591,0.837745,0,0.993349,0.0823377,-0.0804954,0,41.8623,36.8519,-37.4507,1
-0.112015,0.83405,-0.540198,0,0.023576,0.545697,0.837651,0,0.993427,0.0810939,-0.0807899,0,41.9345,36.8863,-37.4531,1
-0.111011,0.834123,-0.540293,0,0.0243908,0.545776,0.837576,0,0.99352,0.0798021,-0.0809321,0,42.0011,36.901,-37.4984,1
-0.110187,0.834197,-0.540346,0,0.0251786,0.545825,0.837521,0,0.993592,0.0786785,-0.0811465,0,42.0782,36.9171,-37.5095,1
-0.109383,0.834229,-0.54046,0,0.0258572,0.545927,0.837434,0,0.993663,0.0776266,-0.0812861,0,42.1246,36.949,-37.5219,1
-0.108423,0.834261,-0.540605,0,0.0265169,0.546045,0.837336,0,0.993751,0.0764517,-0.081326,0,42.177,36.9844,-37.5352,1
-0.107853,0.834317,-0.540632,0,0.027135,0.546072,0.837299,0,0.993796,0.0756348,-0.0815345,0,42.2326,36.9988,-37.5372,1
-0.106823,0.834383,-0.540735,0,0.028052,0.546159,0.837212,0,0.993882,0.0742646,-0.0817483,0,42.3103,37.005,-37.5577,1
-0.106075,0.834398,-0.540858,0,0.0287009,0.54627,0.837117,0,0.993944,0.0732739,-0.0818933,0,42.3693,37.0419,-37.5662,1
-0.10529,0.834431,-0.540961,0,0.0294665,0.546364,0.83703,0,0.994005,0.0721908,-0.0821145,0,42.4356,37.0593,-37.6,1
-0.104491,0.834488,-0.541029,0,0.0300875,0.54641,0.836977,0,0.994071,0.0711782,-0.0822024,0,42.4734,37.0688,-37.6297,1
