0.360031,-0.931668,0.0487147,0,0.932908,0.359086,-0.0272258,0,0.00787269,0.0552484,0.998442,0,72.8422,194.565,-78.8111,1
0.36001,-0.931677,0.0486982,0,0.932915,0.359066,-0.0272263,0,0.00788031,0.055233,0.998443,0,72.8584,194.57,-78.7965,1
0.36002,-0.931672,0.0487145,0,0.932912,0.359077,-0.027209,0,0.00785764,0.0552421,0.998442,0,72.8502,194.567,-78.8161,1
0.360028,-0.931668,0.0487317,0,0.932908,0.359083,-0.0272252,0,0.00786614,0.0552641,0.998441,0,72.8414,194.567,-78.8114,1
0.360027,-0.931667,0.048765,0,0.932909,0.359084,-0.0271908,0,0.00782208,0.0552827,0.99844,0,72.8422,194.567,-78.8193,1
0.360006,-0.931676,0.0487398,0,0.932917,0.359063,-0.0271998,0,0.00784083,0.0552623,0.998441,0,72.8541,194.573,-78.8222,1
0.359984,-0.931685,0.048732,0,0.932925,0.359038,-0.0272427,0,0.00788494,0.0552702,0.998441,0,72.8741,194.579,-78.8098,1
0.359993,-0.931687,0.0486312,0,0.932921,0.359047,-0.0272619,0,0.00793866,0.0551832,0.998445,0,72.8787,194.571,-78.7733,1
0.36002,-0.931673,0.0486897,0,0.932911,0.359074,-0.0272517,0,0.00790648,0.0552344,0.998442,0,72.8496,194.568,-78.8064,1
0.360009,-0.93169,0.0484529,0,0.932915,0.359068,-0.027189,0,0.00793388,0.0549908,0.998456,0,72.8701,194.556,-78.7648,1
0.360089,-0.931677,0.0481069,0,0.932883,0.359148,-0.027238,0,0.0080995,0.0546862,0.998471,0,72.8462,194.512,-78.7229,1
0.360033,-0.931706,0.047954,0,0.932904,0.359096,-0.0272084,0,0.00813016,0.0545324,0.998479,0,72.8778,194.522,-78.6884,1
0.360066,-0.931704,0.0477575,0,0.932893,0.359139,-0.0270347,0,0.00803677,0.0542869,0.998493,0,72.8494,194.5,-78.6608,1
0.360066,-0.931719,0.0474616,0,0.932891,0.359142,-0.0270329,0,0.00814164,0.0540102,0.998507,0,72.8671,194.483,-78.6065,1
0.360063,-0.931732,0.0472242,0,0.932893,0.359145,-0.0269525,0,0.00815219,0.0537597,0.998521,0,72.8626,194.473,-78.603,1
0.360012,-0.931761,0.0470527,0,0.932913,0.359107,-0.026754,0,0.00803142,0.0535279,0.998534,0,72.8833,194.474,-78.5381,1
0.359976,-0.931794,0.0466552,0,0.932926,0.359074,-0.026737,0,0.00816071,0.0531506,0.998553,0,72.8959,194.475,-78.4911,1
0.359983,-0.931813,0.0462376,0,0.932924,0.359099,-0.0264671,0,0.00805849,0.0526639,0.99858,0,72.8768,194.45,-78.4212,1
0.359889,-0.931876,0.0456851,0,0.932961,0.359021,-0.0262341,0,0.00804498,0.0520638,0.998612,0,72.9085,194.458,-78.362,1
0.359879,-0.931899,0.0452953,0,0.932964,0.35902,-0.0261242,0,0.00808319,0.0516604,0.998632,0,72.9103,194.444,-78.284,1
0.359835,-0.931929,0.0450227,0,0.932981,0.358984,-0.0260122,0,0.00807907,0.0513654,0.998647,0,72.9199,194.449,-78.2546,1
0.35979,-0.931965,0.0446334,0,0.932998,0.358947,-0.0259186,0,0.00813425,0.0509681,0.998667,0,72.9324,194.45,-78.1959,1
0.359736,-0.932003,0.0442834,0,0.93302,0.35891,-0.0256472,0,0.00800955,0.0505435,0.99869,0,72.9257,194.456,-78.1479,1
0.359635,-0.932067,0.0437588,0,0.933058,0.358816,-0.025574,0,0.0081353,0.0500268,0.998715,0,72.9681,194.474,-78.0742,1
0.359604,-0.932099,0.0433326,0,0.93307,0.358798,-0.0253977,0,0.00812554,0.0495655,0.998738,0,72.9528,194.472,-78.0358,1
0.359517,-0.932177,0.0423563,0,0.933103,0.358739,-0.0249872,0,0.00809766,0.0485062,0.99879,0,72.9789,194.455,-77.8877,1
0.359521,-0.932211,0.0415678,0,0.933101,0.35876,-0.0247757,0,0.00818335,0.0476944,0.998829,0,72.9696,194.421,-77.7867,1
0.3595,-0.93225,0.0408579,0,0.933108,0.358746,-0.0247397,0,0.00840598,0.0470187,0.998859,0,72.9933,194.397,-77.6805,1
0.359395,-0.93231,0.0404148,0,0.933148,0.358657,-0.024496,0,0.00834287,0.0465168,0.998883,0,73.0207,194.415,-77.6317,1
0.35934,-0.932363,0.0396939,0,0.933169,0.358617,-0.024266,0,0.00838977,0.0457609,0.998917,0,73.0443,194.401,-77.5103,1
0.359345,-0.932386,0.039089,0,0.933168,0.358645,-0.0238983,0,0.00826337,0.0450643,0.99895,0,72.9993,194.377,-77.4276,1
0.359342,-0.932429,0.0380875,0,0.93317,0.358668,-0.0234959,0,0.00824758,0.0439852,0.998998,0,73.0109,194.321,-77.2933,1
0.359235,-0.932514,0.036984,0,0.933211,0.358587,-0.0230969,0,0.00827616,0.0428111,0.999049,0,73.0445,194.311,-77.1413,1
0.359192,-0.932559,0.0362731,0,0.933225,0.358554,-0.02301,0,0.0084523,0.0421161,0.999077,0,73.0708,194.295,-77.0508,1
0.359151,-0.932606,0.0354601,0,0.93324,0.358526,-0.0228749,0,0.00861989,0.0413084,0.999109,0,73.0821,194.279,-76.9352,1
0.359092,-0.932665,0.034501,0,0.933263,0.358492,-0.022447,0,0.00856718,0.0402591,0.999153,0,73.0915,194.256,-76.787,1
0.359027,-0.932716,0.0337793,0,0.933288,0.358444,-0.022166,0,0.00856656,0.039484,0.999184,0,73.1045,194.249,-76.7073,1
0.358997,-0.932755,0.0330163,0,0.933299,0.358429,-0.0219619,0,0.00865114,0.0386984,0.999214,0,73.1004,194.233,-76.6024,1
0.358949,-0.932803,0.0321702,0,0.933315,0.358394,-0.0218275,0,0.00883111,0.0378599,0.999244,0,73.1264,194.215,-76.4618,1
0.358897,-0.932852,0.0313224,0,0.933335,0.358358,-0.0215745,0,0.00890119,0.0369773,0.999277,0,73.1492,194.195,-76.3417,1
0.35887,-0.932903,0.0300653,0,0.933346,0.358363,-0.0210248,0,0.00883991,0.0356065,0.999327,0,73.13,194.152,-76.2156,1
0.3588,-0.93296,0.0291174,0,0.933371,0.358306,-0.0208761,0,0.00904367,0.0346677,0.999358,0,73.1643,194.139,-76.0442,1
0.358718,-0.933018,0.0282712,0,0.9334,0.358237,-0.0207581,0,0.00923993,0.0338347,0.999385,0,73.1956,194.139,-75.945,1
0.358699,-0.93306,0.0271073,0,0.933409,0.358246,-0.0202158,0,0.00915153,0.0325535,0.999428,0,73.1829,194.094,-75.7533,1
0.358658,-0.933106,0.026048,0,0.933423,0.358225,-0.0199078,0,0.00924509,0.0314539,0.999463,0,73.2084,194.058,-75.6274,1
0.358591,-0.933157,0.0251082,0,0.933448,0.358173,-0.0196985,0,0.00938872,0.0305009,0.999491,0,73.2242,194.05,-75.5095,1
0.358468,-0.933232,0.0240479,0,0.933495,0.358072,-0.0192894,0,0.00939057,0.0293632,0.999525,0,73.2721,194.047,-75.3625,1
0.35838,-0.933314,0.0221242,0,0.933528,0.358021,-0.0186094,0,0.00944749,0.0273228,0.999582,0,73.2992,193.995,-75.0654,1
0.358303,-0.933366,0.0211492,0,0.933557,0.357962,-0.0182826,0,0.00949378,0.0262947,0.999609,0,73.3029,193.992,-74.9513,1
0.358272,-0.933408,0.0197848,0,0.933569,0.357957,-0.0177772,0,0.00951131,0.0248396,0.999646,0,73.3263,193.937,-74.7265,1
0.358162,-0.933473,0.0186496,0,0.933611,0.357869,-0.0173265,0,0.0094997,0.0236172,0.999676,0,73.3586,193.931,-74.5652,1
0.358109,-0.933518,0.0173637,0,0.933629,0.357833,-0.017116,0,0.00976481,0.0223406,0.999703,0,73.394,193.898,-74.3713,1
0.358092,-0.933552,0.0158692,0,0.933638,0.357848,-0.0162656,0,0.00950605,0.0206407,0.999742,0,73.3784,193.834,-74.193,1
0.358028,-0.933598,0.0145246,0,0.93366,0.357803,-0.015979,0,0.00972104,0.019282,0.999767,0,73.4016,193.809,-73.9937,1
0.357935,-0.933651,0.0133712,0,0.933696,0.35773,-0.0155457,0,0.009731,0.018049,0.99979,0,73.4279,193.798,-73.8407,1
0.357839,-0.933716,0.0112387,0,0.933732,0.357667,-0.0148264,0,0.00982393,0.0157994,0.999827,0,73.4727,193.742,-73.5458,1
0.357742,-0.933767,0.0100275,0,0.933768,0.357588,-0.0144362,0,0.00989437,0.0145278,0.999846,0,73.489,193.741,-73.4209,1
0.357682,-0.933805,0.00846866,0,0.933792,0.357552,-0.0137735,0,0.00983381,0.0128345,0.999869,0,73.5179,193.691,-73.1477,1
0.357587,-0.933852,0.00726753,0,0.933828,0.357473,-0.013391,0,0.00990728,0.0115751,0.999884,0,73.537,193.689,-73.0144,1
0.357493,-0.933895,0.00627842,0,0.933862,0.357391,-0.013182,0,0.0100668,0.0105757,0.999894,0,73.5897,193.684,-72.8762,1
0.357452,-0.933918,0.00501801,0,0.933877,0.357367,-0.0127399,0,0.0101048,0.00924014,0.999906,0,73.6042,193.649,-72.7239,1
0.357383,-0.933951,0.00349058,0,0.933899,0.357316,-0.0125753,0,0.0104975,0.00775407,0.999915,0,73.6585,193.616,-72.4697,1
0.357251,-0.934008,0.00116438,0,0.933949,0.357213,-0.0117655,0,0.0105731,0.0052907,0.99993,0,73.7046,193.578,-72.1676,1
0.357201,-0.934028,-0.000347582,0,0.933966,0.357181,-0.0113961,0,0.0107684,0.00374607,0.999935,0,73.7375,193.539,-71.9642,1
0.357275,-0.933998,-0.00190449,0,0.933938,0.357274,-0.010782,0,0.0107508,0.00207348,0.99994,0,73.6861,193.457,-71.7339,1
0.357158,-0.934038,-0.00345233,0,0.933984,0.357174,-0.0100591,0,0.0106287,0.000368316,0.999944,0,73.7128,193.446,-71.5218,1
0.357209,-0.93401,-0.00525113,0,0.933963,0.357244,-0.00952514,0,0.0107725,-0.00150189,0.999941,0,73.7113,193.354,-71.2535,1
0.357188,-0.934004,-0.00728876,0,0.93397,0.357243,-0.00877512,0,0.0107999,-0.0036731,0.999935,0,73.7217,193.282,-70.9757,1
0.357128,-0.934012,-0.00896772,0,0.93399,0.3572,-0.00839046,0,0.0110401,-0.00537927,0.999925,0,73.7615,193.243,-70.7168,1
0.357051,-0.934023,-0.0107647,0,0.934018,0.357139,-0.00787314,0,0.0111982,-0.00724329,0.999911,0,73.7912,193.213,-70.4817,1
0.35693,-0.934035,-0.0134239,0,0.934063,0.357041,-0.00691403,0,0.0112508,-0.0100709,0.999886,0,73.8616,193.153,-70.0969,1
0.356854,-0.934043,-0.0148156,0,0.934092,0.356974,-0.00640622,0,0.0112725,-0.0115531,0.99987,0,73.8739,193.145,-69.9223,1
0.356743,-0.934055,-0.0165952,0,0.934132,0.356878,-0.00595644,0,0.0114861,-0.0133772,0.999845,0,73.9326,193.126,-69.67,1
0.356635,-0.934067,-0.0181885,0,0.934173,0.35678,-0.00533338,0,0.011471,-0.0150891,0.999821,0,73.9645,193.121,-69.4875,1
0.356604,-0.934042,-0.0199671,0,0.934184,0.356761,-0.00481466,0,0.0116206,-0.016936,0.999789,0,73.9503,193.091,-69.2594,1
0.356607,-0.933996,-0.0219813,0,0.934181,0.356775,-0.0041452,0,0.011714,-0.0190563,0.99975,0,73.9679,193.015,-68.9817,1
0.356568,-0.933965,-0.0238601,0,0.934196,0.356745,-0.00349204,0,0.0117734,-0.0210449,0.999709,0,73.9938,192.966,-68.7182,1
0.356493,-0.933915,-0.02674,0,0.934223,0.35668,-0.00242374,0,0.0118012,-0.0241171,0.99964,0,74.051,192.895,-68.3599,1
0.356465,-0.933861,-0.0289379,0,0.934237,0.356652,-0.00138567,0,0.0116148,-0.0265409,0.999581,0,74.0566,192.834,-68.0485,1
0.35649,-0.933805,-0.0304025,0,0.934226,0.356681,-0.000920117,0,0.0117032,-0.0280748,0.999537,0,74.0759,192.774,-67.8718,1
0.356457,-0.933766,-0.0319417,0,0.934237,0.356653,-0.000479087,0,0.0118395,-0.0296703,0.99949,0,74.0965,192.74,-67.659,1
0.356374,-0.933727,-0.0339488,0,0.934263,0.356585,-0.000164002,0,0.0122588,-0.0316586,0.999424,0,74.1738,192.702,-67.3444,1
0.356406,-0.933633,-0.0361097,0,0.93425,0.35662,0.000571497,0,0.0123439,-0.0339392,0.999348,0,74.1749,192.625,-67.0825,1
0.356402,-0.933561,-0.0379738,0,0.934249,0.35662,0.00110104,0,0.0125143,-0.0358694,0.999278,0,74.1816,192.581,-66.8345,1
0.356346,-0.933454,-0.0410124,0,0.934267,0.35657,0.00195023,0,0.0128034,-0.0390114,0.999157,0,74.2618,192.506,-66.411,1
0.356365,-0.933351,-0.0431451,0,0.934261,0.35658,0.00284883,0,0.0127258,-0.0413239,0.999065,0,74.2582,192.437,-66.1058,1
0.356314,-0.93327,-0.045242,0,0.934278,0.356529,0.00351162,0,0.0128528,-0.0435199,0.99897,0,74.2965,192.398,-65.8124,1
0.356332,-0.93315,-0.0475403,0,0.934269,0.356545,0.00418916,0,0.0130412,-0.0459081,0.998861,0,74.3054,192.327,-65.4872,1
0.3564,-0.932997,-0.0499541,0,0.934244,0.356596,0.00523853,0,0.0129259,-0.0485363,0.998738,0,74.3049,192.226,-65.1581,1
0.356424,-0.932866,-0.0521908,0,0.934234,0.356611,0.00601073,0,0.0130046,-0.0509007,0.998619,0,74.3116,192.159,-64.848,1
0.356406,-0.932756,-0.0542398,0,0.934243,0.35657,0.00695473,0,0.0128532,-0.0531518,0.998504,0,74.3279,192.12,-64.5903,1
0.356391,-0.932614,-0.056716,0,0.934247,0.356541,0.00780027,0,0.012947,-0.0557667,0.99836,0,74.3788,192.057,-64.2689,1
0.356303,-0.932438,-0.0600678,0,0.934275,0.356451,0.00859267,0,0.0133991,-0.0591814,0.998157,0,74.4561,192.018,-63.8804,1
0.356272,-0.932316,-0.0621042,0,0.934285,0.356408,0.00924201,0,0.013518,-0.0613157,0.998027,0,74.4839,191.992,-63.598,1
0.356298,-0.932148,-0.064433,0,0.934275,0.356411,0.0101173,0,0.0135339,-0.0638029,0.997871,0,74.4897,191.937,-63.3288,1
0.356307,-0.93199,-0.0666337,0,0.93427,0.356402,0.0108497,0,0.0136366,-0.0661196,0.997719,0,74.5281,191.885,-63.0308,1
0.356329,-0.931812,-0.0689676,0,0.934261,0.356399,0.0117008,0,0.0136771,-0.068603,0.99755,0,74.5384,191.835,-62.7493,1
0.356449,-0.931557,-0.0717359,0,0.934216,0.356474,0.0128883,0,0.0135658,-0.0716109,0.997341,0,74.5291,191.715,-62.3641,1
0.356547,-0.931325,-0.0742179,0,0.93418,0.356533,0.0138923,0,0.0135229,-0.0742861,0.997145,0,74.5234,191.62,-62.0228,1
0.356602,-0.931063,-0.0771791,0,0.934158,0.356546,0.014976,0,0.0135743,-0.0774379,0.996905,0,74.5535,191.536,-61.6254,1
0.35663,-0.930926,-0.0786897,0,0.934148,0.356546,0.0156008,0,0.0135333,-0.0790715,0.996777,0,74.5478,191.512,-61.4256,1
0.356685,-0.930713,-0.0809254,0,0.934123,0.356585,0.0161774,0,0.0138002,-0.0813645,0.996589,0,74.5763,191.445,-61.1123,1
0.356705,-0.930518,-0.0830514,0,0.93411,0.356596,0.0166465,0,0.0141259,-0.0835171,0.996406,0,74.6169,191.398,-60.8615,1
0.356773,-0.930264,-0.0855666,0,0.934081,0.356637,0.0173919,0,0.0143373,-0.0861311,0.996181,0,74.652,191.314,-60.5103,1
0.356803,-0.930033,-0.0879223,0,0.934066,0.356643,0.018063,0,0.0145577,-0.0885702,0.995964,0,74.7168,191.243,-60.1818,1
0.35688,-0.929786,-0.0902001,0,0.934036,0.356683,0.0188454,0,0.0146506,-0.0909757,0.995745,0,74.7324,191.178,-59.9125,1
0.357051,-0.929371,-0.0937264,0,0.933972,0.356765,0.0203713,0,0.0145058,-0.0948115,0.99539,0,74.7323,191.046,-59.4407,1
0.357149,-0.929081,-0.0961935,0,0.93393,0.356836,0.0210289,0,0.0147878,-0.0973485,0.995141,0,74.7754,190.949,-59.1212,1
0.357185,-0.928864,-0.0981346,0,0.933916,0.356835,0.021698,0,0.0148633,-0.0993996,0.994937,0,74.7919,190.914,-58.8954,1
0.357157,-0.928643,-0.100308,0,0.933921,0.356792,0.0221625,0,0.0152082,-0.101595,0.99471,0,74.8765,190.878,-58.5719,1
0.357248,-0.928402,-0.102197,0,0.933886,0.356837,0.0229002,0,0.0152071,-0.103621,0.994501,0,74.8865,190.82,-58.3299,1
0.35733,-0.928168,-0.104018,0,0.933854,0.356879,0.0235543,0,0.0152594,-0.105554,0.994297,0,74.8617,190.783,-58.0859,1
0.357401,-0.927881,-0.106311,0,0.933826,0.356895,0.0244029,0,0.0152991,-0.107998,0.994034,0,74.9074,190.699,-57.7149,1
0.357505,-0.927611,-0.108299,0,0.933782,0.356973,0.0249234,0,0.0155406,-0.110038,0.993806,0,74.9135,190.626,-57.414,1
0.357734,-0.927146,-0.111478,0,0.933691,0.357139,0.0259547,0,0.0157495,-0.113371,0.993428,0,74.9131,190.48,-56.9861,1
0.357882,-0.926827,-0.113631,0,0.933635,0.35722,0.0268396,0,0.0157156,-0.115695,0.993161,0,74.9125,190.393,-56.7117,1
0.358005,-0.926546,-0.11552,0,0.933584,0.35731,0.0273868,0,0.0159013,-0.117652,0.992928,0,74.9176,190.326,-56.4707,1
0.358144,-0.92626,-0.117371,0,0.933532,0.357382,0.0282057,0,0.0158204,-0.119671,0.992688,0,74.9027,190.265,-56.2555,1
0.358224,-0.926005,-0.119124,0,0.9335,0.357418,0.028805,0,0.0159036,-0.121521,0.992462,0,74.9137,190.227,-56.0566,1
0.358376,-0.925706,-0.120976,0,0.933441,0.357516,0.0294911,0,0.0159507,-0.123493,0.992217,0,74.9041,190.15,-55.8272,1
0.358381,-0.925552,-0.122137,0,0.933438,0.357496,0.0298401,0,0.0160449,-0.124701,0.992065,0,74.9321,190.147,-55.7328,1
0.35852,-0.92519,-0.124446,0,0.93338,0.35759,0.0305078,0,0.0162753,-0.127093,0.991757,0,74.952,190.067,-55.4389,1
0.358601,-0.924951,-0.125982,0,0.933347,0.357633,0.031009,0,0.0163735,-0.128705,0.991548,0,74.9614,190.032,-55.2606,1
0.358716,-0.924661,-0.127769,0,0.933305,0.35767,0.0318396,0,0.0162582,-0.130668,0.991293,0,74.9827,189.97,-55.0351,1
0.358777,-0.924437,-0.12921,0,0.933281,0.35769,0.0323317,0,0.0163284,-0.132189,0.99109,0,74.9947,189.955,-54.8576,1
0.358922,-0.924139,-0.130931,0,0.933225,0.35777,0.0330466,0,0.0163034,-0.134049,0.990841,0,74.9867,189.884,-54.6374,1
0.359,-0.923875,-0.132571,0,0.933194,0.357794,0.0336437,0,0.0163507,-0.135793,0.990602,0,74.9997,189.841,-54.4193,1
0.359167,-0.923526,-0.13453,0,0.933131,0.357883,0.0344535,0,0.0163273,-0.137908,0.990311,0,74.9995,189.748,-54.1653,1
0.359344,-0.923121,-0.13682,0,0.933065,0.357946,0.0355477,0,0.0161593,-0.140436,0.989958,0,74.9808,189.683,-53.8693,1
0.3594,-0.922865,-0.138392,0,0.933041,0.357968,0.0359761,0,0.0163387,-0.142055,0.989724,0,75.0174,189.65,-53.6674,1
0.359483,-0.922619,-0.13981,0,0.933009,0.357989,0.036574,0,0.0163066,-0.143592,0.989503,0,75.0298,189.619,-53.4625,1
0.359648,-0.922328,-0.141293,0,0.932946,0.358086,0.0372226,0,0.0162635,-0.145205,0.989268,0,75.0106,189.56,-53.2921,1
0.35971,-0.922107,-0.142576,0,0.932919,0.358125,0.0375257,0,0.0164574,-0.14651,0.989072,0,75.0325,189.532,-53.1351,1
0.35982,-0.921813,-0.144188,0,0.932873,0.358204,0.0379319,0,0.0166825,-0.148157,0.988823,0,75.0412,189.477,-52.9304,1
0.359939,-0.921546,-0.145592,0,0.932823,0.358296,0.0382789,0,0.0168894,-0.14959,0.988604,0,75.0429,189.424,-52.7665,1
0.360012,-0.921299,-0.14697,0,0.932792,0.358332,0.0386839,0,0.0170246,-0.151019,0.988384,0,75.0838,189.388,-52.5927,1
0.360183,-0.92088,-0.149158,0,0.932725,0.358423,0.0394637,0,0.0171202,-0.153337,0.988026,0,75.094,189.308,-52.2929,1
0.360281,-0.920648,-0.150351,0,0.932687,0.35847,0.0399362,0,0.0171291,-0.154618,0.987826,0,75.0951,189.282,-52.1482,1
0.360534,-0.920326,-0.151709,0,0.932593,0.358621,0.0407578,0,0.0168955,-0.156177,0.987585,0,75.0449,189.192,-51.9778,1
0.360632,-0.920065,-0.153052,0,0.932552,0.358689,0.0410973,0,0.017086,-0.15755,0.987363,0,75.0674,189.148,-51.824,1
0.360755,-0.919838,-0.154123,0,0.932505,0.358751,0.0416159,0,0.017012,-0.158734,0.987175,0,75.0546,189.102,-51.7205,1
0.360856,-0.919592,-0.155348,0,0.932465,0.358804,0.0420514,0,0.0170695,-0.160032,0.986964,0,75.0695,189.037,-51.549,1
0.36091,-0.919382,-0.156464,0,0.932442,0.358831,0.0423408,0,0.017217,-0.161175,0.986776,0,75.0796,189.017,-51.399,1
0.361108,-0.918957,-0.158489,0,0.932363,0.358949,0.0430656,0,0.017314,-0.163321,0.986421,0,75.0939,188.928,-51.1639,1
0.361159,-0.918776,-0.159421,0,0.932344,0.358955,0.0434392,0,0.0173139,-0.164323,0.986255,0,75.0943,188.921,-51.0296,1
0.361244,-0.918577,-0.160376,0,0.932309,0.359008,0.0437367,0,0.017401,-0.16532,0.986087,0,75.0983,188.898,-50.9133,1
0.361346,-0.918334,-0.161529,0,0.932273,0.359018,0.0444168,0,0.0172026,-0.166639,0.985868,0,75.0849,188.874,-50.7856,1
0.361453,-0.9181,-0.162618,0,0.932228,0.359106,0.0446481,0,0.0174057,-0.167735,0.985678,0,75.0915,188.831,-50.6393,1
0.361542,-0.917922,-0.163425,0,0.932194,0.35915,0.0450124,0,0.017376,-0.168617,0.985529,0,75.0876,188.813,-50.5622,1
0.361585,-0.917703,-0.164556,0,0.932178,0.359133,0.045482,0,0.0173586,-0.169841,0.985319,0,75.1179,188.796,-50.4113,1
0.361691,-0.917482,-0.165552,0,0.932135,0.359202,0.0458075,0,0.0174391,-0.170885,0.985137,0,75.1149,188.757,-50.2873,1
0.361754,-0.91718,-0.167081,0,0.932105,0.35924,0.0461182,0,0.0177236,-0.172421,0.984864,0,75.1624,188.73,-50.0991,1
0.361932,-0.916916,-0.168139,0,0.932038,0.359347,0.0466475,0,0.0176485,-0.173595,0.984659,0,75.107,188.67,-49.9452,1
0.362021,-0.916701,-0.169117,0,0.932002,0.359395,0.0469908,0,0.0177032,-0.174629,0.984475,0,75.1235,188.635,-49.8303,1
0.362058,-0.916519,-0.170019,0,0.931985,0.359412,0.0471975,0,0.0178495,-0.175543,0.98431,0,75.1435,188.618,-49.6966,1
0.362168,-0.916311,-0.170907,0,0.931941,0.359484,0.0475148,0,0.0178999,-0.176484,0.984141,0,75.1337,188.579,-49.5824,1
0.362323,-0.916038,-0.172034,0,0.931881,0.359578,0.0479858,0,0.0179027,-0.177701,0.983922,0,75.1251,188.522,-49.443,1
0.362353,-0.915848,-0.172984,0,0.931866,0.359588,0.0481953,0,0.0180633,-0.178661,0.983745,0,75.159,188.5,-49.3073,1
0.36252,-0.915569,-0.174105,0,0.931801,0.359692,0.0486654,0,0.0180679,-0.179874,0.983524,0,75.129,188.46,-49.1617,1
0.362624,-0.915336,-0.175114,0,0.931765,0.359697,0.0493218,0,0.0178419,-0.18105,0.983312,0,75.1196,188.435,-49.033,1
0.362697,-0.915179,-0.17578,0,0.931734,0.359756,0.0494703,0,0.0179638,-0.181723,0.983186,0,75.1448,188.391,-48.9396,1
0.362703,-0.915069,-0.176338,0,0.931731,0.359744,0.0496251,0,0.0180262,-0.182299,0.983078,0,75.1456,188.407,-48.8714,1
0.362773,-0.914897,-0.177089,0,0.931701,0.359797,0.0497988,0,0.0181552,-0.183059,0.982934,0,75.1726,188.378,-48.7821,1
0.362906,-0.914716,-0.177746,0,0.931651,0.359873,0.0501829,0,0.018063,-0.183809,0.982796,0,75.1337,188.342,-48.7005,1
0.362998,-0.91451,-0.178617,0,0.931616,0.359901,0.050621,0,0.0179912,-0.184778,0.982616,0,75.1364,188.3,-48.5786,1
0.363082,-0.914335,-0.179339,0,0.93158,0.359983,0.0507111,0,0.0181921,-0.185481,0.98248,0,75.1401,188.267,-48.5106,1
0.363138,-0.914154,-0.180151,0,0.931557,0.360003,0.0509868,0,0.0182452,-0.186336,0.982317,0,75.1512,188.255,-48.3974,1
0.3632,-0.914004,-0.180785,0,0.931533,0.360026,0.0512614,0,0.0182341,-0.187025,0.982186,0,75.1587,188.242,-48.3553,1
0.363349,-0.9138,-0.181516,0,0.931475,0.360133,0.0515718,0,0.0182438,-0.187816,0.982035,0,75.1278,188.19,-48.2687,1
0.363417,-0.913653,-0.182117,0,0.93145,0.360142,0.0519477,0,0.0181257,-0.188511,0.981904,0,75.1424,188.167,-48.2155,1
0.36346,-0.913566,-0.182467,0,0.931436,0.360141,0.0522107,0,0.0180158,-0.188932,0.981825,0,75.1339,188.177,-48.2149,1
0.36347,-0.913473,-0.182913,0,0.93143,0.360147,0.0522812,0,0.0181181,-0.189373,0.981738,0,75.176,188.166,-48.1746,1
0.363467,-0.913417,-0.1832,0,0.931431,0.360124,0.0524086,0,0.0181039,-0.189687,0.981678,0,75.1788,188.196,-48.1918,1
0.36353,-0.913289,-0.183712,0,0.931409,0.360133,0.0527415,0,0.0179924,-0.190284,0.981564,0,75.1776,188.186,-48.1652,1
0.363564,-0.913208,-0.184046,0,0.931398,0.36012,0.0530222,0,0.0178583,-0.190697,0.981487,0,75.1822,188.19,-48.1595,1
0.363653,-0.913074,-0.184534,0,0.931365,0.36016,0.0533306,0,0.0177671,-0.191263,0.981378,0,75.1704,188.164,-48.1472,1
0.363692,-0.912997,-0.184837,0,0.931352,0.360153,0.0535941,0,0.0176382,-0.19164,0.981307,0,75.1821,188.162,-48.1682,1
0.363728,-0.912958,-0.184958,0,0.931342,0.360142,0.0538549,0,0.0174438,-0.191848,0.98127,0,75.1594,188.187,-48.2249,1
0.363676,-0.912968,-0.185011,0,0.931364,0.360064,0.0539878,0,0.0173268,-0.191947,0.981252,0,75.1981,188.228,-48.3044,1
0.363733,-0.912933,-0.185074,0,0.931344,0.360091,0.0541478,0,0.0172102,-0.192063,0.981232,0,75.1938,188.222,-48.3731,1
0.363715,-0.912959,-0.184979,0,0.931359,0.359988,0.0545747,0,0.0167659,-0.192131,0.981226,0,75.212,188.271,-48.5471,1
0.363751,-0.912956,-0.184924,0,0.93135,0.35998,0.0547999,0,0.0165391,-0.192163,0.981224,0,75.2114,188.287,-48.6915,1
0.363784,-0.912974,-0.184771,0,0.931345,0.359925,0.0552352,0,0.0160755,-0.192179,0.981228,0,75.1954,188.324,-48.8669,1
0.363777,-0.913033,-0.184491,0,0.931354,0.359856,0.0555327,0,0.015687,-0.192028,0.981264,0,75.2225,188.367,-49.0574,1
0.363796,-0.913068,-0.18428,0,0.931352,0.359813,0.0558319,0,0.0153281,-0.191941,0.981287,0,75.2126,188.401,-49.2554,1
0.363771,-0.913142,-0.183966,0,0.931369,0.359724,0.0561295,0,0.0149228,-0.191758,0.981329,0,75.2034,188.477,-49.5,1
0.363797,-0.913169,-0.183779,0,0.931365,0.359681,0.0564716,0,0.0145336,-0.191709,0.981344,0,75.2158,188.494,-49.6828,1
0.363785,-0.913262,-0.183341,0,0.931378,0.35958,0.0568939,0,0.0139669,-0.191457,0.981402,0,75.1937,188.569,-49.9338,1
0.363766,-0.913355,-0.182913,0,0.931394,0.359469,0.0573325,0,0.0133867,-0.19122,0.981456,0,75.1997,188.654,-50.2889,1
0.363752,-0.913451,-0.182461,0,0.931407,0.359376,0.0577039,0,0.0128626,-0.190935,0.981518,0,75.1915,188.723,-50.5505,1
0.363744,-0.913535,-0.182054,0,0.931418,0.359278,0.0581428,0,0.0122924,-0.190718,0.981568,0,75.1912,188.789,-50.8198,1
0.36377,-0.913625,-0.181551,0,0.931417,0.359195,0.0586731,0,0.011607,-0.190443,0.98163,0,75.1802,188.855,-51.1238,1
0.363796,-0.913711,-0.181067,0,0.931415,0.359119,0.05917,0,0.0109605,-0.190175,0.981689,0,75.1567,188.922,-51.4485,1
0.363773,-0.913815,-0.180586,0,0.93143,0.359,0.059634,0,0.010336,-0.189896,0.98175,0,75.1788,188.989,-51.7714,1
0.363739,-0.913927,-0.180087,0,0.931451,0.358861,0.0601477,0,0.00965569,-0.18962,0.98181,0,75.1915,189.07,-52.1144,1
0.363749,-0.914075,-0.179315,0,0.931457,0.358719,0.0609003,0,0.00865631,-0.189177,0.981905,0,75.1894,189.187,-52.6941,1
0.363747,-0.914169,-0.178842,0,0.931463,0.358625,0.0613556,0,0.00804786,-0.188902,0.981963,0,75.1998,189.247,-53.0149,1
0.363739,-0.914296,-0.178207,0,0.931473,0.358498,0.0619513,0,0.00724483,-0.188529,0.982041,0,75.1842,189.34,-53.4049,1
0.363701,-0.91442,-0.177647,0,0.931493,0.358349,0.062506,0,0.0065029,-0.18821,0.982107,0,75.1945,189.431,-53.768,1
0.363677,-0.914508,-0.177244,0,0.931506,0.358239,0.0629354,0,0.00594086,-0.187992,0.982153,0,75.2,189.515,-54.1132,1
0.363642,-0.914623,-0.176721,0,0.931524,0.35812,0.063356,0,0.0053406,-0.187659,0.98222,0,75.2195,189.592,-54.4402,1
0.363615,-0.914715,-0.176298,0,0.931538,0.358006,0.0637951,0,0.00476139,-0.187425,0.982268,0,75.2386,189.657,-54.7475,1
0.36356,-0.914952,-0.175181,0,0.931565,0.357751,0.0648201,0,0.00336378,-0.186758,0.9824,0,75.2451,189.828,-55.4562,1
0.363634,-0.915026,-0.174637,0,0.931538,0.357708,0.065433,0,0.00259602,-0.186474,0.982457,0,75.2175,189.891,-55.8919,1
0.363576,-0.915159,-0.17406,0,0.931563,0.357555,0.0659198,0,0.00190911,-0.186115,0.982526,0,75.2542,189.984,-56.3025,1
0.363599,-0.915287,-0.173337,0,0.931555,0.357439,0.0666489,0,0.000954643,-0.185706,0.982605,0,75.1987,190.084,-56.7197,1
0.363534,-0.9154,-0.172877,0,0.931581,0.357294,0.0670697,0,0.000372507,-0.185431,0.982657,0,75.2362,190.173,-57.0739,1
0.363561,-0.915479,-0.172402,0,0.931571,0.357235,0.0675233,0,-0.000228129,-0.185153,0.98271,0,75.2262,190.23,-57.4158,1
0.363529,-0.915603,-0.171809,0,0.931583,0.357105,0.0680436,0,-0.000946999,-0.18479,0.982778,0,75.2477,190.309,-57.7788,1
0.363521,-0.91571,-0.171256,0,0.931585,0.356999,0.0685727,0,-0.00165458,-0.184467,0.982837,0,75.2473,190.387,-58.1585,1
0.363492,-0.915869,-0.170466,0,0.931593,0.356827,0.0693414,0,-0.00268085,-0.18401,0.982921,0,75.2705,190.505,-58.7286,1
0.36351,-0.915943,-0.170026,0,0.931585,0.356768,0.0697623,0,-0.00323848,-0.183753,0.982967,0,75.2674,190.552,-59.0198,1
0.363504,-0.916045,-0.169491,0,0.931584,0.356668,0.0702749,0,-0.00392298,-0.18344,0.983023,0,75.2616,190.627,-59.3669,1
0.36347,-0.916136,-0.16907,0,0.931596,0.356579,0.0705786,0,-0.00437298,-0.183158,0.983074,0,75.2708,190.697,-59.6599,1
0.363418,-0.91623,-0.168669,0,0.931613,0.356444,0.0710253,0,-0.00495438,-0.182946,0.983111,0,75.3039,190.766,-59.9204,1
0.363386,-0.916327,-0.168213,0,0.931623,0.356335,0.0714467,0,-0.00552824,-0.182674,0.983158,0,75.2966,190.843,-60.2087,1
0.363408,-0.916372,-0.167924,0,0.931612,0.356309,0.071719,0,-0.0058883,-0.182504,0.983188,0,75.3014,190.874,-60.4391,1
0.363401,-0.916483,-0.167328,0,0.931609,0.356204,0.0722719,0,-0.00663298,-0.182148,0.983249,0,75.296,190.956,-60.8275,1
0.363385,-0.916551,-0.166994,0,0.931613,0.356133,0.0725774,0,-0.00704882,-0.181947,0.983283,0,75.3077,190.998,-61.0357,1
0.363368,-0.916625,-0.166622,0,0.931616,0.35606,0.0728995,0,-0.007494,-0.181717,0.983322,0,75.3118,191.051,-61.2662,1
0.363387,-0.916678,-0.166287,0,0.931605,0.356027,0.0731887,0,-0.00788782,-0.181509,0.983358,0,75.3056,191.083,-61.4931,1
0.363386,-0.916733,-0.165988,0,0.931602,0.355971,0.0735015,0,-0.00829427,-0.181344,0.983385,0,75.2876,191.141,-61.7122,1
0.363352,-0.916794,-0.165727,0,0.931612,0.355887,0.0737823,0,-0.00866306,-0.181202,0.983408,0,75.3031,191.189,-61.8956,1
0.363318,-0.916843,-0.165527,0,0.931622,0.355816,0.0739896,0,-0.00893957,-0.181091,0.983426,0,75.3332,191.219,-62.0327,1
0.363361,-0.916878,-0.165237,0,0.931603,0.355824,0.0742033,0,-0.00924019,-0.180898,0.983459,0,75.3178,191.233,-62.2016,1
0.363286,-0.916938,-0.16507,0,0.93163,0.355714,0.0743939,0,-0.00949699,-0.18081,0.983472,0,75.3503,191.286,-62.3402,1
0.363282,-0.916964,-0.164938,0,0.931629,0.355682,0.0745508,0,-0.00969478,-0.180744,0.983483,0,75.357,191.305,-62.4417,1
0.363278,-0.916996,-0.164766,0,0.931629,0.355659,0.0746648,0,-0.00986676,-0.180625,0.983503,0,75.354,191.331,-62.5425,1
0.363237,-0.917019,-0.16473,0,0.931644,0.355609,0.0747144,0,-0.00993493,-0.180609,0.983505,0,75.3769,191.351,-62.5857,1
0.363196,-0.917055,-0.164617,0,0.931659,0.355551,0.074804,0,-0.0100694,-0.180536,0.983517,0,75.3931,191.384,-62.656,1
0.363209,-0.917083,-0.164436,0,0.931651,0.355532,0.0749954,0,-0.0103149,-0.180436,0.983533,0,75.3776,191.403,-62.7595,1
0.363164,-0.917111,-0.164378,0,0.931668,0.355482,0.0750201,0,-0.0103685,-0.18039,0.983541,0,75.4047,191.419,-62.7929,1
0.363161,-0.917125,-0.164306,0,0.931668,0.355461,0.075119,0,-0.0104892,-0.180359,0.983545,0,75.4117,191.432,-62.8688,1
0.363201,-0.917116,-0.164269,0,0.931651,0.355494,0.0751683,0,-0.0105413,-0.180343,0.983547,0,75.3851,191.431,-62.9108,1
0.363142,-0.917154,-0.164187,0,0.931674,0.355432,0.0751838,0,-0.0105979,-0.180271,0.98356,0,75.4155,191.455,-62.9345,1
0.36316,-0.917142,-0.164211,0,0.931666,0.355445,0.0752096,0,-0.01061,-0.180303,0.983554,0,75.3935,191.454,-62.9356,1
0.363134,-0.917159,-0.164176,0,0.931676,0.355413,0.0752425,0,-0.0106591,-0.180282,0.983557,0,75.4243,191.459,-62.9505,1
0.363202,-0.917143,-0.164113,0,0.931649,0.355466,0.0753339,0,-0.0107552,-0.180257,0.983561,0,75.3962,191.443,-63.0042,1
0.363171,-0.917169,-0.164038,0,0.93166,0.355428,0.075375,0,-0.0108279,-0.180202,0.98357,0,75.4044,191.462,-63.0383,1
0.363194,-0.917178,-0.163936,0,0.93165,0.355437,0.0754578,0,-0.0109392,-0.180137,0.983581,0,75.3867,191.466,-63.0924,1
0.363211,-0.917196,-0.163796,0,0.931641,0.355432,0.0755891,0,-0.0111118,-0.180054,0.983594,0,75.388,191.478,-63.2081,1
0.363216,-0.917208,-0.16372,0,0.931638,0.355427,0.0756481,0,-0.0111946,-0.180004,0.983602,0,75.3867,191.48,-63.262,1
0.363206,-0.91724,-0.163562,0,0.931639,0.355383,0.0758464,0,-0.0114422,-0.179928,0.983613,0,75.3881,191.508,-63.3576,1
0.363203,-0.91726,-0.163456,0,0.931638,0.35536,0.0759619,0,-0.0115909,-0.179872,0.983622,0,75.3969,191.522,-63.4392,1
0.363284,-0.91726,-0.163275,0,0.931604,0.355412,0.0761358,0,-0.0118064,-0.179766,0.983639,0,75.3604,191.513,-63.5574,1
0.363289,-0.917274,-0.163187,0,0.9316,0.355397,0.076252,0,-0.0119479,-0.179726,0.983644,0,75.3646,191.521,-63.6343,1
0.363256,-0.917338,-0.162898,0,0.931609,0.355332,0.0764494,0,-0.0122472,-0.179527,0.983677,0,75.3729,191.564,-63.8018,1
0.363305,-0.917378,-0.162568,0,0.931584,0.355325,0.0767803,0,-0.012672,-0.17934,0.983706,0,75.3513,191.586,-64.0123,1
0.363254,-0.917434,-0.162362,0,0.931601,0.355246,0.0769442,0,-0.012913,-0.179206,0.983727,0,75.3668,191.634,-64.1463,1
0.363306,-0.917464,-0.162077,0,0.931576,0.355256,0.0772006,0,-0.0132498,-0.179034,0.983754,0,75.3516,191.643,-64.3414,1
0.363278,-0.917512,-0.161866,0,0.931582,0.355186,0.0774488,0,-0.0135678,-0.178927,0.983769,0,75.3615,191.686,-64.5034,1
0.363345,-0.917532,-0.161604,0,0.93155,0.3552,0.0777639,0,-0.0139491,-0.178797,0.983787,0,75.347,191.687,-64.687,1
0.363309,-0.917607,-0.161261,0,0.931558,0.355121,0.0780273,0,-0.0143314,-0.178572,0.983823,0,75.3543,191.742,-64.9019,1
0.363374,-0.917633,-0.160966,0,0.931527,0.355137,0.0783246,0,-0.0147083,-0.178405,0.983847,0,75.3296,191.752,-65.0921,1
0.363374,-0.917735,-0.160379,0,0.931515,0.355048,0.0788695,0,-0.0154392,-0.178054,0.9839,0,75.3312,191.818,-65.4769,1
0.363389,-0.91778,-0.16009,0,0.931503,0.355015,0.0791587,0,-0.0158159,-0.17789,0.983923,0,75.3392,191.846,-65.6956,1
0.36345,-0.917833,-0.15965,0,0.93147,0.355008,0.0795804,0,-0.0163645,-0.177632,0.983961,0,75.3097,191.873,-65.9683,1
0.363448,-0.917905,-0.159236,0,0.931462,0.354945,0.0799601,0,-0.0168759,-0.177383,0.983997,0,75.2975,191.926,-66.2372,1
0.363446,-0.917972,-0.158852,0,0.931453,0.354878,0.080357,0,-0.0173923,-0.177169,0.984027,0,75.2959,191.976,-66.499,1
0.363493,-0.918044,-0.158328,0,0.931424,0.354859,0.0807773,0,-0.0179728,-0.176833,0.984077,0,75.2662,192.019,-66.8097,1
0.363466,-0.918134,-0.157871,0,0.931423,0.354769,0.0811804,0,-0.0185269,-0.176551,0.984117,0,75.2762,192.083,-67.106,1
0.363529,-0.918241,-0.157103,0,0.931381,0.35473,0.0818318,0,-0.019412,-0.176071,0.984186,0,75.2576,192.139,-67.6024,1
0.363557,-0.91833,-0.156514,0,0.931354,0.35467,0.0823934,0,-0.0201537,-0.175724,0.984233,0,75.2493,192.196,-67.9903,1
0.363562,-0.918422,-0.15596,0,0.931336,0.35459,0.0829384,0,-0.0208706,-0.175404,0.984276,0,75.2437,192.256,-68.3356,1
0.36359,-0.918511,-0.15537,0,0.931309,0.354531,0.0834997,0,-0.0216118,-0.175057,0.984321,0,75.2256,192.317,-68.7314,1
0.363637,-0.91859,-0.154797,0,0.931274,0.354498,0.0840272,0,-0.0223112,-0.174714,0.984367,0,75.2197,192.361,-69.1151,1
0.363646,-0.918687,-0.154196,0,0.931251,0.354411,0.0846466,0,-0.0231147,-0.174377,0.984408,0,75.2189,192.429,-69.5207,1
0.363635,-0.918796,-0.153573,0,0.931239,0.354338,0.0850821,0,-0.0237562,-0.173952,0.984468,0,75.2184,192.491,-69.8913,1
0.363669,-0.918866,-0.153073,0,0.931211,0.354313,0.085494,0,-0.0243216,-0.173635,0.98451,0,75.1863,192.539,-70.2084,1
0.363757,-0.918973,-0.152217,0,0.931148,0.35428,0.0863108,0,-0.0253898,-0.173132,0.984571,0,75.1497,192.596,-70.7329,1
0.363725,-0.919095,-0.151556,0,0.931137,0.354151,0.0869541,0,-0.0262454,-0.172746,0.984617,0,75.1723,192.682,-71.1904,1
0.363802,-0.919179,-0.150862,0,0.931083,0.354142,0.0875639,0,-0.0270603,-0.172321,0.984669,0,75.1493,192.725,-71.6515,1
0.363854,-0.919273,-0.150158,0,0.931035,0.354086,0.0882995,0,-0.0280024,-0.171931,0.984711,0,75.1186,192.786,-72.0988,1
0.363849,-0.919389,-0.149457,0,0.931012,0.353997,0.0888996,0,-0.028826,-0.171492,0.984764,0,75.112,192.868,-72.5388,1
0.363859,-0.919487,-0.148831,0,0.930982,0.353917,0.0895274,0,-0.0296455,-0.171135,0.984802,0,75.1125,192.93,-72.9518,1
0.363936,-0.919537,-0.148337,0,0.930933,0.353931,0.0899812,0,-0.0302401,-0.170839,0.984835,0,75.0909,192.949,-73.2942,1
0.363928,-0.919693,-0.147384,0,0.930902,0.353829,0.0906959,0,-0.0312636,-0.170207,0.984912,0,75.0932,193.04,-73.8444,1
0.363963,-0.919757,-0.146895,0,0.930867,0.353798,0.0911737,0,-0.0318866,-0.169923,0.984941,0,75.0839,193.082,-74.202,1
0.363962,-0.919852,-0.146304,0,0.930841,0.353714,0.0917676,0,-0.0326628,-0.169585,0.984974,0,75.0762,193.148,-74.5724,1
0.364034,-0.91991,-0.145755,0,0.930788,0.353714,0.0923039,0,-0.0333558,-0.169269,0.985005,0,75.0593,193.175,-74.95,1
0.364056,-0.919976,-0.145285,0,0.930758,0.353673,0.0927655,0,-0.0339584,-0.168997,0.985031,0,75.0553,193.215,-75.2454,1
0.364056,-0.920055,-0.144786,0,0.930737,0.353623,0.09316,0,-0.0345128,-0.168673,0.985068,0,75.0472,193.266,-75.5708,1
0.364055,-0.920109,-0.144446,0,0.930721,0.353573,0.0935146,0,-0.0349713,-0.168483,0.985084,0,75.0485,193.302,-75.769,1
0.364072,-0.920197,-0.143838,0,0.930686,0.353517,0.0940749,0,-0.0357184,-0.168118,0.98512,0,75.0382,193.361,-76.1826,1
0.364048,-0.920254,-0.143536,0,0.930682,0.35346,0.0943298,0,-0.0360731,-0.167927,0.985139,0,75.0374,193.404,-76.3621,1
0.364103,-0.920279,-0.143235,0,0.930643,0.353468,0.0946761,0,-0.0364994,-0.167773,0.98515,0,75.0353,193.412,-76.5972,1
0.364116,-0.92034,-0.14281,0,0.930618,0.353431,0.0950633,0,-0.0370169,-0.167516,0.985174,0,75.0275,193.45,-76.856,1
0.364076,-0.920406,-0.142482,0,0.930617,0.353353,0.0953597,0,-0.0374233,-0.167314,0.985193,0,75.0508,193.493,-77.0598,1
0.364098,-0.920455,-0.14211,0,0.930592,0.353341,0.0956463,0,-0.0378249,-0.167071,0.985219,0,75.0445,193.523,-77.308,1
0.364081,-0.920526,-0.141697,0,0.93058,0.353284,0.0959753,0,-0.0382886,-0.166803,0.985247,0,75.0388,193.571,-77.5515,1
0.364077,-0.920587,-0.14131,0,0.930564,0.353243,0.0962799,0,-0.038717,-0.166552,0.985273,0,75.0499,193.599,-77.7653,1
0.364147,-0.920631,-0.140839,0,0.930511,0.353253,0.0967578,0,-0.0393264,-0.166286,0.985293,0,75.0047,193.631,-78.0739,1
0.364135,-0.920668,-0.140631,0,0.930505,0.353218,0.0969393,0,-0.0395756,-0.166157,0.985305,0,75.0366,193.643,-78.2223,1
0.36416,-0.920696,-0.14038,0,0.930484,0.353219,0.0971441,0,-0.0398554,-0.165997,0.985321,0,75.02,193.661,-78.3806,1
0.364173,-0.920711,-0.140249,0,0.930471,0.353215,0.0972844,0,-0.0400327,-0.165926,0.985326,0,75.0097,193.671,-78.4586,1
0.364147,-0.92074,-0.140123,0,0.930471,0.353163,0.0974669,0,-0.0402553,-0.165873,0.985325,0,75.0209,193.699,-78.5723,1
0.364176,-0.920753,-0.139966,0,0.930452,0.353176,0.0975981,0,-0.040431,-0.165775,0.985335,0,75.0037,193.709,-78.6875,1
0.364153,-0.920783,-0.13983,0,0.930455,0.353142,0.0976964,0,-0.0405774,-0.165682,0.985344,0,75.0249,193.721,-78.7516,1
0.364142,-0.920821,-0.139604,0,0.930447,0.353108,0.0978933,0,-0.0408467,-0.165542,0.985357,0,75.0219,193.751,-78.8912,1
0.364161,-0.920832,-0.139481,0,0.930433,0.35311,0.0980249,0,-0.0410124,-0.165475,0.985361,0,75.0091,193.762,-78.9742,1
0.364124,-0.920853,-0.139443,0,0.930444,0.353062,0.0980915,0,-0.0410956,-0.165462,0.98536,0,75.029,193.782,-79.0253,1
0.364165,-0.920844,-0.139394,0,0.930426,0.353103,0.0981079,0,-0.0411216,-0.165423,0.985365,0,75.0215,193.763,-79.0462,1
0.364169,-0.920848,-0.139357,0,0.930421,0.353098,0.098174,0,-0.0411967,-0.165413,0.985364,0,75.018,193.768,-79.0724,1
0.364173,-0.920863,-0.139248,0,0.930415,0.353094,0.0982481,0,-0.0413055,-0.165337,0.985372,0,74.9991,193.78,-79.123,1
0.364146,-0.920865,-0.139305,0,0.930427,0.353065,0.0982402,0,-0.0412821,-0.165387,0.985364,0,75.0221,193.784,-79.1105,1
0.364194,-0.920846,-0.139306,0,0.93041,0.353119,0.098207,0,-0.0412417,-0.165378,0.985368,0,75.0003,193.765,-79.1024,1
0.364191,-0.920852,-0.139271,0,0.930408,0.35311,0.0982568,0,-0.0413021,-0.165363,0.985368,0,75.0098,193.765,-79.1238,1
0.36414,-0.920874,-0.139262,0,0.930427,0.353057,0.0982645,0,-0.0413219,-0.165355,0.985368,0,75.0268,193.79,-79.1363,1
0.364161,-0.920871,-0.139228,0,0.930418,0.353077,0.0982814,0,-0.0413462,-0.165331,0.985371,0,75.0096,193.786,-79.1548,1
0.364155,-0.920879,-0.139185,0,0.930418,0.353066,0.0983224,0,-0.0414015,-0.165305,0.985373,0,75.026,193.785,-79.1671,1
0.364149,-0.92088,-0.139195,0,0.930421,0.353063,0.0982977,0,-0.0413758,-0.165305,0.985374,0,75.029,193.785,-79.166,1
0.364164,-0.920879,-0.139169,0,0.930415,0.353078,0.0983049,0,-0.0413894,-0.165284,0.985377,0,75.0204,193.785,-79.1793,1
0.364142,-0.920889,-0.139152,0,0.930422,0.353055,0.0983215,0,-0.0414149,-0.165273,0.985378,0,75.0218,193.797,-79.1905,1
0.364191,-0.920866,-0.139178,0,0.930405,0.353107,0.0982974,0,-0.0413739,-0.165291,0.985377,0,75.013,193.769,-79.1656,1
0.364172,-0.920868,-0.139218,0,0.930412,0.353082,0.0983229,0,-0.0413871,-0.165336,0.985368,0,75.0164,193.78,-79.1784,1
0.364185,-0.920865,-0.139203,0,0.930408,0.353101,0.0982893,0,-0.0413585,-0.165311,0.985374,0,75.0207,193.77,-79.1737,1
0.364198,-0.920858,-0.139217,0,0.930402,0.353108,0.0983224,0,-0.0413823,-0.165336,0.985369,0,75.0044,193.773,-79.1667,1
0.364158,-0.920882,-0.139161,0,0.930417,0.353075,0.0982968,0,-0.0413853,-0.165274,0.985379,0,75.0221,193.785,-79.1839,1
0.364179,-0.920864,-0.139227,0,0.93041,0.353092,0.098298,0,-0.041359,-0.165336,0.98537,0,75.0223,193.772,-79.1776,1
0.364177,-0.920883,-0.139103,0,0.930408,0.353092,0.0983214,0,-0.0414262,-0.165229,0.985385,0,75.0088,193.782,-79.1897,1
0.36417,-0.920874,-0.139184,0,0.930412,0.353081,0.0983221,0,-0.0413987,-0.165305,0.985373,0,75.0186,193.782,-79.1768,1
0.364136,-0.920883,-0.139211,0,0.930428,0.353056,0.0982637,0,-0.0413399,-0.165308,0.985375,0,75.0261,193.795,-79.1661,1
0.364187,-0.920871,-0.13916,0,0.930405,0.353101,0.0983132,0,-0.0413962,-0.16528,0.985378,0,75.0021,193.78,-79.1812,1
0.364209,-0.920859,-0.139175,0,0.930396,0.353117,0.098347,0,-0.0414187,-0.165307,0.985372,0,74.9986,193.771,-79.1854,1
0.364172,-0.920868,-0.139218,0,0.930411,0.353079,0.0983398,0,-0.0414031,-0.165342,0.985367,0,75.0196,193.777,-79.1612,1
0.364227,-0.920852,-0.139176,0,0.930389,0.353135,0.0983476,0,-0.0414157,-0.165309,0.985372,0,74.9846,193.764,-79.1812,1
0.364158,-0.920879,-0.139178,0,0.930418,0.353073,0.0982972,0,-0.0413797,-0.16529,0.985377,0,75.0155,193.787,-79.1645,1
0.364185,-0.92087,-0.139169,0,0.930407,0.353103,0.098288,0,-0.0413696,-0.165279,0.985379,0,75.0187,193.774,-79.1928,1
0.364159,-0.920876,-0.139195,0,0.930418,0.353077,0.0982804,0,-0.0413576,-0.165299,0.985376,0,75.0228,193.783,-79.1711,1
0.364133,-0.920887,-0.139194,0,0.930427,0.353045,0.0983139,0,-0.0413944,-0.165309,0.985373,0,75.0333,193.795,-79.1698,1
0.364178,-0.92087,-0.139185,0,0.93041,0.353095,0.098288,0,-0.041365,-0.165293,0.985377,0,75.0161,193.78,-79.1925,1
0.364175,-0.920872,-0.139184,0,0.93041,0.353086,0.0983217,0,-0.0413979,-0.165304,0.985374,0,75.0177,193.783,-79.1959,1
0.364192,-0.920872,-0.139134,0,0.930401,0.3531,0.0983552,0,-0.0414442,-0.165271,0.985377,0,75.0069,193.776,-79.1954,1
0.364187,-0.920872,-0.139152,0,0.930405,0.353099,0.0983221,0,-0.0414076,-0.165275,0.985378,0,75.0195,193.772,-79.1984,1
0.364158,-0.920886,-0.139136,0,0.930416,0.353072,0.0983218,0,-0.041418,-0.165259,0.98538,0,75.0188,193.787,-79.1851,1
0.364159,-0.920876,-0.139195,0,0.930419,0.35308,0.0982634,0,-0.0413417,-0.165293,0.985378,0,75.0307,193.781,-79.1847,1
